0 , 115
0 , 116
0 , 117
0 , 118
0 , 119
0 , 120
0 , 121
0 , 122
0 , 123
1 , 123
1 , 122
1 , 121
2 , 123
2 , 124
3 , 124
3 , 123
4 , 124
4 , 125
3 , 125
4 , 126
5 , 126
5 , 125
6 , 126
6 , 127
7 , 127
7 , 126
8 , 126
8 , 127
8 , 128
9 , 128
9 , 127
10 , 127
10 , 128
10 , 129
11 , 129
11 , 128
12 , 128
12 , 129
13 , 129
13 , 130
14 , 130
14 , 129
15 , 130
15 , 131
16 , 131
16 , 130
17 , 130
17 , 131
17 , 132
16 , 132
18 , 132
18 , 131
19 , 131
19 , 132
19 , 133
20 , 133
20 , 132
21 , 132
21 , 133
22 , 133
22 , 132
22 , 131
23 , 131
23 , 132
23 , 133
23 , 134
22 , 134
24 , 134
25 , 134
25 , 135
26 , 135
26 , 134
27 , 135
27 , 136
28 , 136
28 , 135
29 , 135
29 , 136
29 , 137
28 , 137
30 , 137
30 , 136
31 , 136
31 , 137
31 , 138
32 , 138
32 , 137
33 , 137
33 , 138
34 , 138
34 , 137
35 , 138
35 , 139
34 , 139
36 , 139
36 , 138
37 , 139
37 , 140
38 , 140
38 , 139
39 , 139
39 , 140
39 , 141
40 , 141
40 , 140
41 , 140
41 , 141
42 , 141
42 , 140
43 , 141
43 , 142
42 , 142
44 , 142
44 , 141
45 , 141
45 , 142
45 , 143
46 , 143
46 , 142
47 , 142
47 , 143
48 , 143
49 , 143
49 , 144
50 , 144
50 , 143
51 , 143
51 , 144
52 , 144
52 , 145
53 , 145
53 , 144
54 , 144
54 , 145
55 , 145
55 , 144
56 , 145
56 , 146
55 , 146
57 , 146
57 , 145
58 , 145
58 , 146
58 , 147
59 , 147
59 , 146
59 , 145
60 , 146
60 , 147
61 , 147
61 , 146
62 , 146
62 , 147
63 , 147
63 , 146
64 , 147
64 , 148
63 , 148
65 , 148
65 , 147
66 , 148
67 , 148
67 , 149
68 , 149
68 , 148
69 , 148
69 , 149
70 , 149
70 , 148
71 , 147
71 , 146
71 , 145
72 , 145
72 , 146
72 , 147
73 , 146
73 , 145
73 , 144
73 , 143
74 , 144
74 , 145
75 , 144
75 , 143
76 , 143
76 , 142
77 , 142
77 , 141
78 , 141
78 , 140
79 , 140
79 , 141
78 , 142
77 , 143
76 , 144
74 , 141
75 , 139
76 , 139
76 , 138
76 , 137
75 , 137
74 , 137
73 , 137
72 , 137
72 , 138
71 , 138
71 , 139
70 , 139
70 , 140
69 , 140
69 , 141
68 , 141
67 , 141
67 , 142
66 , 142
66 , 143
65 , 143
65 , 144
64 , 144
66 , 144
67 , 143
68 , 142
70 , 141
71 , 140
72 , 139
73 , 138
73 , 136
74 , 136
75 , 136
75 , 135
76 , 135
76 , 134
77 , 134
77 , 135
77 , 136
76 , 136
77 , 137
78 , 136
78 , 135
78 , 134
78 , 133
79 , 133
79 , 132
79 , 131
79 , 130
78 , 130
78 , 129
77 , 129
76 , 129
77 , 128
78 , 128
79 , 129
80 , 130
80 , 131
80 , 132
81 , 132
81 , 131
82 , 131
82 , 132
82 , 133
83 , 133
83 , 132
84 , 132
84 , 133
85 , 133
85 , 134
86 , 134
86 , 133
87 , 134
87 , 135
88 , 135
88 , 134
89 , 134
89 , 135
89 , 136
90 , 136
90 , 135
91 , 135
91 , 136
92 , 136
92 , 135
93 , 135
93 , 136
93 , 137
92 , 137
94 , 137
94 , 136
95 , 136
95 , 137
96 , 137
96 , 136
97 , 136
97 , 137
97 , 138
96 , 138
98 , 138
98 , 137
99 , 137
99 , 138
100 , 138
100 , 137
101 , 137
101 , 138
101 , 139
102 , 139
102 , 138
103 , 138
103 , 139
104 , 139
104 , 138
105 , 139
106 , 139
106 , 140
107 , 140
107 , 139
108 , 139
108 , 140
109 , 140
109 , 139
110 , 139
110 , 140
110 , 141
111 , 141
111 , 140
111 , 139
112 , 140
112 , 141
113 , 141
113 , 140
114 , 140
114 , 141
115 , 141
115 , 140
116 , 140
116 , 141
117 , 141
117 , 140
118 , 140
118 , 141
118 , 142
117 , 142
119 , 142
119 , 141
120 , 141
120 , 142
121 , 142
121 , 141
122 , 141
122 , 142
123 , 142
123 , 141
124 , 141
124 , 142
125 , 142
125 , 141
126 , 141
126 , 142
126 , 143
127 , 143
127 , 142
128 , 142
128 , 143
129 , 143
129 , 142
130 , 142
130 , 143
131 , 143
131 , 142
132 , 142
132 , 143
133 , 143
133 , 142
134 , 143
134 , 144
135 , 144
135 , 143
136 , 143
136 , 144
137 , 144
137 , 143
138 , 143
138 , 144
139 , 144
139 , 143
140 , 143
140 , 144
141 , 144
142 , 144
142 , 145
143 , 145
143 , 144
144 , 144
144 , 145
145 , 145
145 , 144
146 , 144
146 , 145
147 , 145
147 , 144
148 , 144
148 , 145
149 , 145
149 , 144
150 , 144
150 , 145
150 , 146
149 , 146
151 , 146
151 , 145
152 , 145
152 , 146
153 , 146
153 , 145
154 , 145
154 , 146
155 , 146
155 , 145
156 , 145
156 , 146
156 , 147
157 , 147
157 , 146
158 , 146
158 , 147
159 , 147
159 , 146
160 , 146
160 , 147
161 , 147
161 , 146
162 , 147
162 , 148
161 , 148
163 , 148
163 , 147
164 , 147
164 , 148
165 , 148
165 , 149
166 , 149
166 , 148
167 , 148
167 , 149
167 , 150
168 , 150
168 , 149
169 , 149
169 , 150
170 , 150
170 , 149
171 , 150
171 , 151
170 , 151
172 , 151
172 , 150
173 , 150
173 , 151
173 , 152
174 , 152
174 , 151
175 , 151
175 , 152
176 , 152
176 , 153
177 , 153
177 , 152
178 , 153
178 , 154
179 , 154
179 , 153
180 , 154
180 , 155
181 , 155
181 , 154
182 , 154
182 , 155
182 , 156
183 , 156
183 , 155
184 , 155
184 , 156
184 , 157
185 , 157
185 , 156
186 , 157
186 , 158
187 , 158
187 , 157
188 , 158
188 , 159
187 , 159
189 , 159
189 , 158
190 , 159
190 , 160
189 , 160
190 , 161
191 , 161
191 , 160
191 , 159
192 , 160
192 , 161
192 , 162
193 , 162
193 , 161
194 , 162
194 , 163
195 , 163
195 , 162
196 , 163
196 , 164
197 , 164
197 , 163
198 , 164
198 , 165
197 , 165
198 , 166
199 , 166
199 , 165
199 , 164
200 , 165
200 , 166
200 , 167
201 , 167
201 , 166
202 , 167
202 , 168
203 , 168
203 , 167
204 , 168
204 , 169
203 , 169
205 , 169
205 , 168
206 , 169
206 , 170
205 , 170
206 , 171
207 , 171
207 , 170
207 , 169
208 , 170
208 , 171
208 , 172
209 , 172
209 , 171
210 , 172
210 , 173
211 , 173
211 , 172
212 , 173
212 , 174
211 , 174
213 , 174
213 , 173
214 , 174
214 , 175
213 , 175
215 , 175
215 , 174
216 , 175
216 , 176
217 , 176
217 , 175
218 , 175
218 , 174
218 , 173
218 , 172
218 , 171
218 , 170
218 , 169
218 , 168
218 , 167
218 , 166
218 , 165
219 , 165
219 , 164
219 , 163
219 , 162
219 , 161
220 , 161
220 , 160
220 , 159
221 , 159
221 , 158
222 , 159
222 , 160
221 , 160
222 , 161
223 , 161
223 , 160
224 , 161
224 , 162
223 , 162
224 , 163
224 , 164
225 , 164
225 , 163
226 , 164
226 , 165
225 , 165
226 , 166
227 , 166
227 , 165
228 , 166
228 , 167
227 , 167
228 , 168
229 , 168
229 , 167
230 , 168
230 , 169
229 , 169
230 , 170
231 , 170
231 , 169
232 , 170
232 , 171
231 , 171
232 , 172
233 , 172
233 , 171
234 , 172
234 , 173
235 , 173
235 , 174
236 , 174
236 , 173
237 , 174
237 , 175
236 , 175
238 , 175
238 , 174
239 , 175
239 , 176
238 , 176
240 , 176
240 , 177
241 , 177
241 , 178
242 , 178
242 , 177
243 , 178
243 , 179
244 , 179
244 , 178
245 , 178
245 , 179
245 , 180
246 , 180
246 , 179
247 , 179
247 , 180
248 , 180
248 , 181
249 , 181
249 , 180
250 , 181
251 , 181
251 , 182
252 , 182
253 , 182
253 , 183
254 , 183
254 , 182
255 , 182
255 , 183
256 , 183
256 , 182
257 , 183
257 , 184
256 , 184
258 , 184
258 , 183
259 , 183
259 , 184
260 , 184
260 , 183
261 , 183
261 , 184
262 , 184
262 , 185
263 , 185
263 , 184
264 , 184
264 , 185
265 , 185
265 , 184
266 , 184
266 , 185
267 , 185
267 , 184
268 , 185
269 , 185
269 , 186
270 , 186
270 , 185
271 , 186
272 , 186
273 , 186
274 , 186
275 , 186
276 , 186
277 , 186
278 , 186
279 , 186
279 , 187
280 , 187
280 , 186
281 , 186
281 , 187
282 , 187
282 , 186
283 , 187
284 , 187
284 , 188
285 , 188
285 , 187
286 , 187
286 , 188
287 , 188
287 , 187
288 , 187
288 , 188
289 , 188
289 , 187
290 , 187
290 , 188
291 , 188
291 , 187
292 , 187
292 , 188
293 , 188
293 , 187
294 , 187
294 , 188
295 , 188
295 , 187
296 , 188
296 , 189
297 , 189
297 , 188
298 , 188
298 , 189
299 , 189
299 , 188
300 , 188
300 , 189
301 , 189
301 , 188
302 , 188
302 , 189
303 , 189
303 , 188
304 , 188
304 , 189
305 , 189
305 , 190
306 , 190
306 , 189
307 , 189
307 , 190
308 , 190
308 , 189
309 , 189
309 , 190
310 , 190
311 , 190
312 , 190
313 , 191
314 , 191
315 , 191
316 , 191
317 , 191
318 , 191
318 , 192
319 , 192
320 , 192
320 , 193
321 , 193
321 , 192
322 , 192
322 , 193
323 , 193
324 , 193
324 , 194
325 , 194
325 , 193
326 , 193
326 , 194
327 , 194
327 , 195
328 , 195
329 , 195
330 , 195
331 , 196
332 , 196
333 , 196
334 , 197
334 , 198
335 , 198
335 , 197
336 , 197
336 , 198
337 , 198
337 , 199
338 , 199
338 , 198
339 , 199
340 , 199
340 , 200
341 , 200
342 , 200
342 , 201
343 , 201
343 , 202
344 , 202
344 , 201
345 , 202
345 , 203
346 , 203
346 , 202
347 , 203
347 , 204
348 , 204
349 , 204
349 , 205
350 , 205
351 , 206
352 , 206
354 , 208
354 , 209
354 , 210
354 , 211
354 , 212
353 , 212
353 , 213
353 , 214
353 , 215
353 , 216
353 , 217
354 , 217
354 , 216
354 , 215
354 , 214
354 , 213
355 , 212
355 , 211
355 , 210
355 , 209
355 , 208
355 , 207
355 , 206
355 , 205
355 , 204
356 , 204
356 , 203
356 , 202
356 , 201
356 , 200
356 , 199
356 , 198
357 , 198
357 , 197
357 , 196
357 , 195
357 , 194
357 , 193
357 , 192
357 , 191
357 , 190
357 , 189
357 , 188
357 , 187
357 , 186
357 , 185
357 , 184
357 , 183
357 , 182
357 , 181
357 , 180
357 , 179
357 , 178
357 , 177
357 , 176
357 , 175
357 , 174
357 , 173
357 , 172
356 , 172
356 , 171
356 , 170
356 , 169
356 , 168
356 , 167
356 , 166
355 , 166
355 , 165
355 , 164
354 , 164
354 , 163
354 , 162
354 , 161
353 , 161
353 , 160
353 , 159
353 , 158
353 , 157
352 , 157
352 , 156
352 , 155
352 , 154
352 , 153
352 , 152
352 , 151
352 , 150
352 , 149
352 , 148
351 , 148
351 , 147
350 , 147
350 , 146
349 , 146
349 , 145
348 , 145
348 , 144
347 , 144
347 , 143
346 , 143
346 , 142
345 , 142
345 , 141
344 , 141
343 , 141
343 , 140
343 , 139
342 , 139
342 , 138
341 , 138
340 , 138
340 , 137
339 , 137
339 , 136
338 , 136
338 , 135
337 , 135
337 , 134
336 , 134
336 , 133
335 , 133
334 , 133
334 , 132
333 , 132
333 , 131
332 , 131
332 , 130
331 , 130
331 , 129
330 , 129
329 , 129
329 , 128
328 , 128
328 , 127
327 , 127
327 , 126
326 , 126
326 , 125
325 , 125
324 , 125
324 , 124
323 , 124
323 , 123
322 , 123
321 , 123
321 , 122
320 , 122
320 , 121
319 , 121
319 , 120
318 , 120
318 , 119
317 , 119
317 , 118
316 , 118
315 , 118
315 , 117
314 , 117
314 , 116
313 , 116
313 , 115
312 , 115
312 , 114
311 , 114
310 , 114
310 , 113
309 , 113
309 , 112
308 , 112
308 , 111
307 , 111
307 , 110
306 , 110
305 , 110
305 , 109
304 , 109
304 , 108
303 , 108
303 , 107
302 , 107
301 , 107
301 , 106
300 , 106
300 , 105
299 , 105
299 , 104
298 , 104
298 , 103
297 , 103
297 , 102
296 , 102
296 , 101
295 , 101
294 , 101
294 , 100
293 , 100
293 , 99
292 , 99
292 , 98
291 , 98
291 , 97
290 , 97
290 , 96
289 , 96
289 , 95
288 , 95
288 , 94
287 , 94
287 , 93
286 , 93
286 , 92
285 , 92
285 , 91
284 , 91
284 , 90
283 , 90
283 , 89
282 , 89
282 , 88
281 , 88
281 , 87
281 , 86
280 , 86
280 , 85
279 , 85
279 , 84
278 , 84
278 , 83
277 , 83
277 , 82
277 , 81
276 , 81
276 , 80
275 , 80
275 , 79
274 , 79
274 , 78
274 , 77
273 , 77
273 , 76
272 , 76
272 , 75
271 , 75
271 , 74
271 , 73
270 , 73
270 , 72
269 , 72
269 , 71
268 , 71
268 , 70
268 , 69
267 , 69
267 , 68
267 , 67
266 , 67
266 , 66
265 , 66
265 , 65
264 , 65
264 , 64
264 , 63
263 , 63
263 , 62
262 , 62
262 , 61
262 , 60
261 , 60
261 , 59
260 , 59
260 , 58
259 , 58
259 , 57
259 , 56
258 , 56
258 , 55
258 , 54
257 , 54
257 , 53
256 , 53
256 , 52
255 , 52
255 , 51
254 , 51
254 , 50
254 , 49
253 , 49
253 , 48
253 , 47
252 , 47
252 , 46
251 , 46
251 , 45
250 , 45
250 , 44
250 , 43
249 , 43
249 , 42
248 , 42
248 , 41
248 , 40
247 , 40
247 , 39
246 , 39
246 , 38
245 , 38
245 , 37
244 , 37
244 , 36
244 , 35
243 , 35
243 , 34
242 , 34
242 , 33
241 , 33
241 , 32
240 , 32
240 , 31
240 , 30
239 , 30
239 , 29
238 , 29
237 , 29
236 , 29
235 , 29
234 , 29
233 , 29
232 , 29
231 , 29
230 , 29
229 , 29
228 , 29
227 , 29
226 , 29
225 , 29
224 , 29
223 , 29
222 , 29
222 , 28
221 , 28
220 , 28
219 , 28
218 , 28
217 , 28
216 , 28
216 , 27
215 , 27
214 , 27
214 , 26
213 , 26
212 , 26
211 , 26
210 , 26
210 , 25
209 , 25
209 , 24
209 , 23
210 , 23
210 , 24
211 , 24
211 , 23
212 , 23
212 , 24
213 , 24
213 , 23
214 , 23
214 , 22
215 , 22
215 , 23
216 , 23
216 , 22
217 , 22
217 , 23
218 , 23
218 , 22
219 , 22
219 , 23
220 , 22
220 , 21
221 , 21
221 , 22
222 , 22
222 , 21
222 , 20
223 , 20
223 , 19
223 , 18
223 , 17
223 , 16
222 , 16
221 , 16
221 , 15
220 , 15
219 , 15
218 , 15
218 , 14
217 , 14
216 , 14
216 , 13
215 , 13
214 , 13
214 , 12
213 , 12
212 , 12
211 , 12
211 , 11
210 , 11
209 , 11
209 , 10
208 , 10
207 , 10
206 , 10
206 , 9
205 , 9
204 , 9
204 , 8
203 , 8
202 , 8
202 , 7
201 , 7
200 , 7
200 , 6
199 , 6
199 , 5
198 , 5
198 , 4
198 , 3
199 , 3
199 , 4
200 , 4
200 , 3
201 , 3
201 , 4
202 , 4
202 , 3
203 , 4
203 , 5
204 , 5
204 , 4
205 , 4
205 , 5
206 , 5
206 , 4
207 , 4
207 , 5
207 , 6
208 , 6
208 , 5
209 , 5
209 , 6
210 , 6
210 , 5
211 , 5
211 , 6
212 , 6
212 , 5
213 , 5
213 , 6
214 , 6
214 , 5
215 , 5
215 , 6
215 , 7
216 , 7
216 , 6
217 , 6
217 , 7
218 , 7
218 , 6
219 , 7
220 , 7
220 , 8
221 , 8
221 , 7
222 , 7
222 , 8
222 , 9
223 , 9
223 , 8
224 , 8
224 , 9
225 , 9
225 , 8
226 , 9
226 , 10
225 , 10
227 , 10
227 , 9
228 , 9
228 , 10
228 , 11
229 , 11
229 , 10
229 , 9
230 , 10
230 , 11
231 , 11
231 , 10
232 , 11
232 , 12
231 , 12
233 , 12
233 , 11
234 , 12
234 , 13
235 , 13
235 , 12
236 , 13
236 , 14
235 , 14
237 , 14
237 , 13
238 , 13
238 , 14
238 , 15
239 , 15
239 , 14
240 , 14
240 , 15
240 , 16
241 , 16
241 , 15
242 , 15
242 , 16
243 , 16
243 , 17
244 , 17
244 , 16
245 , 17
245 , 18
246 , 18
246 , 17
247 , 17
247 , 18
247 , 19
248 , 19
248 , 18
249 , 18
249 , 19
249 , 20
250 , 20
250 , 19
251 , 20
251 , 21
250 , 21
252 , 21
252 , 22
253 , 22
253 , 21
254 , 22
254 , 23
253 , 23
254 , 24
255 , 24
255 , 23
256 , 24
256 , 25
255 , 25
256 , 26
257 , 26
257 , 25
258 , 26
258 , 27
257 , 27
258 , 28
259 , 28
259 , 27
259 , 26
260 , 27
260 , 28
260 , 29
259 , 29
261 , 29
261 , 28
261 , 30
262 , 30
262 , 31
263 , 31
263 , 32
263 , 33
264 , 33
264 , 32
264 , 31
265 , 32
265 , 33
265 , 34
264 , 34
266 , 34
266 , 33
267 , 34
267 , 35
266 , 35
267 , 36
267 , 37
268 , 37
268 , 36
268 , 35
269 , 36
269 , 37
269 , 38
268 , 38
269 , 39
270 , 39
270 , 38
270 , 37
271 , 39
271 , 40
270 , 40
271 , 41
272 , 41
272 , 40
273 , 41
273 , 42
272 , 42
273 , 43
274 , 43
274 , 42
275 , 43
275 , 44
274 , 44
275 , 45
276 , 45
276 , 44
277 , 45
277 , 46
276 , 46
277 , 47
277 , 48
278 , 48
278 , 47
278 , 46
279 , 47
279 , 48
279 , 49
280 , 49
280 , 48
280 , 50
280 , 51
281 , 51
281 , 50
282 , 50
282 , 51
282 , 52
281 , 52
282 , 53
283 , 53
283 , 52
283 , 51
284 , 53
284 , 54
283 , 54
284 , 55
285 , 55
285 , 54
286 , 55
286 , 56
285 , 56
286 , 57
287 , 57
287 , 56
288 , 57
288 , 58
287 , 58
288 , 59
289 , 59
289 , 60
289 , 61
290 , 61
290 , 60
291 , 60
291 , 61
291 , 62
290 , 62
291 , 63
292 , 63
292 , 62
292 , 61
293 , 63
293 , 64
292 , 64
293 , 65
294 , 65
294 , 64
295 , 65
295 , 66
294 , 66
295 , 67
296 , 67
296 , 66
297 , 67
297 , 68
296 , 68
296 , 69
297 , 69
297 , 70
298 , 70
298 , 69
299 , 70
299 , 71
298 , 71
299 , 72
300 , 72
300 , 71
301 , 72
301 , 73
300 , 73
301 , 74
302 , 74
302 , 73
303 , 74
303 , 75
302 , 75
303 , 76
304 , 76
304 , 75
305 , 76
305 , 77
304 , 77
305 , 78
306 , 78
306 , 77
307 , 78
307 , 79
306 , 79
307 , 80
308 , 80
308 , 79
309 , 80
309 , 81
308 , 81
309 , 82
310 , 82
310 , 81
311 , 82
311 , 83
312 , 83
312 , 84
313 , 84
313 , 83
314 , 84
314 , 85
313 , 85
314 , 86
315 , 86
315 , 85
316 , 86
316 , 87
315 , 87
317 , 87
317 , 88
318 , 88
318 , 87
319 , 88
319 , 89
318 , 89
319 , 90
320 , 90
320 , 89
321 , 90
321 , 91
320 , 91
322 , 91
322 , 92
323 , 92
323 , 91
324 , 92
324 , 93
323 , 93
324 , 94
325 , 94
325 , 93
326 , 94
326 , 95
325 , 95
327 , 95
327 , 94
328 , 95
328 , 96
327 , 96
329 , 96
329 , 97
330 , 97
330 , 98
331 , 98
331 , 97
332 , 98
332 , 99
331 , 99
333 , 99
333 , 98
334 , 99
334 , 100
333 , 100
334 , 101
335 , 101
335 , 100
336 , 101
336 , 102
337 , 102
337 , 101
338 , 102
338 , 103
337 , 103
339 , 103
339 , 102
340 , 103
340 , 104
339 , 104
341 , 104
341 , 103
342 , 104
342 , 105
341 , 105
343 , 105
343 , 104
344 , 105
344 , 106
345 , 106
345 , 105
346 , 106
346 , 107
347 , 107
347 , 106
348 , 106
348 , 107
348 , 108
349 , 108
349 , 107
350 , 107
350 , 108
350 , 109
351 , 109
351 , 108
352 , 108
352 , 109
353 , 109
353 , 108
354 , 109
354 , 110
353 , 110
355 , 110
355 , 109
356 , 110
356 , 111
355 , 111
357 , 111
357 , 110
358 , 111
358 , 112
359 , 112
359 , 111
360 , 112
360 , 113
359 , 113
361 , 113
361 , 112
362 , 113
362 , 114
361 , 114
363 , 114
363 , 113
364 , 114
364 , 115
363 , 115
364 , 116
365 , 116
365 , 115
366 , 116
366 , 117
367 , 117
367 , 116
368 , 117
368 , 118
367 , 118
368 , 119
369 , 119
369 , 118
369 , 117
370 , 117
370 , 118
370 , 119
370 , 120
369 , 120
370 , 121
371 , 121
371 , 120
371 , 119
371 , 118
371 , 117
372 , 117
372 , 118
373 , 118
373 , 117
374 , 117
374 , 116
375 , 116
375 , 117
376 , 117
376 , 116
377 , 116
377 , 117
378 , 117
378 , 116
379 , 116
379 , 115
380 , 115
380 , 116
381 , 116
381 , 115
381 , 114
382 , 114
382 , 113
382 , 112
383 , 112
383 , 111
383 , 110
383 , 109
383 , 108
383 , 107
384 , 107
384 , 106
384 , 105
384 , 104
384 , 103
384 , 102
385 , 102
385 , 101
385 , 100
385 , 99
385 , 98
385 , 97
385 , 96
385 , 95
385 , 94
386 , 94
386 , 93
386 , 92
386 , 91
387 , 91
387 , 90
387 , 89
387 , 88
386 , 88
385 , 88
384 , 88
383 , 88
383 , 89
382 , 89
381 , 89
380 , 89
380 , 90
379 , 90
378 , 90
378 , 91
377 , 91
376 , 91
375 , 91
374 , 91
373 , 91
372 , 91
371 , 91
370 , 91
369 , 91
368 , 91
367 , 91
366 , 91
365 , 91
364 , 91
363 , 91
363 , 90
362 , 90
361 , 90
361 , 89
360 , 89
360 , 88
359 , 88
358 , 88
358 , 87
357 , 87
357 , 86
356 , 86
356 , 85
356 , 84
355 , 84
355 , 83
354 , 83
354 , 82
354 , 81
353 , 81
353 , 80
353 , 79
352 , 79
352 , 78
352 , 77
352 , 76
352 , 75
352 , 74
351 , 74
351 , 73
351 , 72
351 , 71
351 , 70
351 , 69
351 , 68
352 , 68
352 , 67
352 , 66
352 , 65
352 , 64
352 , 63
352 , 62
352 , 61
351 , 61
350 , 61
349 , 61
349 , 62
348 , 62
348 , 63
347 , 63
346 , 63
346 , 64
345 , 64
344 , 64
344 , 65
343 , 65
342 , 65
342 , 66
341 , 66
340 , 66
339 , 66
338 , 66
337 , 66
336 , 66
335 , 66
334 , 66
333 , 66
332 , 66
331 , 66
330 , 66
329 , 66
328 , 66
327 , 66
326 , 66
325 , 66
325 , 65
324 , 65
323 , 65
323 , 64
322 , 64
322 , 63
321 , 63
321 , 62
320 , 62
320 , 61
319 , 61
319 , 60
318 , 60
318 , 59
317 , 59
317 , 58
317 , 57
316 , 57
316 , 56
316 , 55
315 , 55
315 , 54
315 , 53
314 , 53
315 , 52
316 , 53
316 , 54
317 , 54
317 , 55
317 , 56
318 , 56
318 , 55
319 , 55
320 , 55
320 , 56
321 , 56
321 , 55
322 , 56
322 , 57
321 , 57
323 , 57
323 , 56
323 , 55
324 , 55
324 , 56
324 , 57
325 , 56
325 , 55
326 , 55
326 , 56
327 , 56
327 , 55
327 , 54
328 , 54
328 , 55
329 , 54
329 , 53
330 , 53
330 , 52
331 , 52
331 , 51
332 , 51
332 , 50
333 , 50
333 , 49
333 , 48
334 , 48
334 , 47
334 , 46
334 , 45
335 , 45
335 , 44
335 , 43
334 , 43
334 , 42
334 , 41
334 , 40
333 , 40
333 , 39
333 , 38
332 , 38
332 , 37
331 , 37
331 , 36
331 , 35
331 , 34
330 , 34
330 , 33
330 , 32
330 , 31
330 , 30
329 , 30
329 , 29
329 , 28
329 , 27
329 , 26
329 , 25
329 , 24
330 , 24
330 , 23
330 , 22
330 , 21
330 , 20
330 , 19
331 , 19
331 , 18
331 , 17
332 , 17
332 , 16
333 , 16
333 , 15
333 , 14
334 , 14
334 , 13
335 , 13
335 , 12
336 , 12
336 , 11
337 , 11
337 , 10
338 , 10
338 , 9
339 , 9
339 , 8
340 , 8
340 , 9
341 , 9
341 , 8
341 , 7
342 , 7
342 , 8
343 , 8
343 , 7
344 , 7
344 , 6
345 , 6
345 , 7
346 , 7
346 , 6
347 , 6
347 , 5
348 , 5
348 , 6
348 , 7
347 , 7
349 , 7
349 , 6
350 , 6
350 , 7
351 , 7
351 , 6
352 , 6
352 , 7
353 , 7
354 , 7
354 , 8
355 , 8
355 , 7
356 , 8
356 , 9
355 , 9
357 , 9
357 , 8
358 , 9
358 , 10
357 , 10
359 , 10
359 , 9
359 , 11
360 , 11
360 , 12
360 , 13
359 , 13
359 , 14
358 , 14
357 , 14
357 , 15
357 , 16
356 , 16
356 , 17
355 , 17
355 , 18
354 , 18
354 , 19
353 , 19
353 , 20
353 , 21
352 , 21
352 , 22
352 , 23
351 , 23
351 , 24
351 , 25
350 , 25
350 , 26
349 , 26
349 , 27
349 , 28
349 , 29
349 , 30
348 , 30
348 , 31
348 , 32
348 , 33
348 , 34
348 , 35
348 , 36
348 , 37
348 , 38
348 , 39
348 , 40
348 , 41
348 , 42
348 , 43
348 , 44
348 , 45
348 , 46
349 , 46
349 , 45
349 , 44
349 , 43
349 , 42
349 , 41
349 , 40
349 , 39
349 , 38
349 , 37
349 , 36
349 , 35
349 , 34
349 , 33
349 , 32
349 , 31
350 , 30
350 , 29
350 , 28
350 , 27
351 , 26
352 , 24
353 , 22
354 , 21
354 , 20
355 , 19
356 , 18
358 , 16
358 , 15
359 , 15
360 , 14
361 , 12
361 , 11
362 , 11
362 , 10
363 , 10
363 , 11
362 , 12
364 , 10
364 , 9
365 , 9
365 , 8
366 , 8
366 , 9
367 , 9
367 , 8
368 , 8
368 , 7
369 , 7
369 , 8
370 , 7
370 , 6
371 , 6
371 , 7
372 , 7
372 , 6
372 , 5
373 , 5
373 , 6
374 , 6
374 , 5
375 , 5
375 , 6
376 , 6
376 , 5
377 , 5
377 , 4
378 , 4
378 , 5
378 , 6
377 , 6
379 , 5
379 , 4
380 , 4
380 , 5
381 , 5
381 , 4
382 , 4
382 , 5
383 , 5
383 , 4
384 , 4
384 , 5
385 , 5
385 , 4
386 , 4
386 , 5
387 , 5
387 , 4
388 , 4
388 , 5
389 , 5
389 , 4
390 , 4
390 , 5
391 , 5
391 , 4
392 , 4
392 , 5
392 , 6
391 , 6
393 , 6
393 , 5
394 , 5
394 , 6
395 , 6
395 , 5
396 , 5
396 , 6
397 , 6
397 , 5
398 , 5
398 , 6
399 , 6
399 , 5
400 , 6
400 , 7
401 , 7
401 , 6
402 , 6
402 , 7
403 , 7
404 , 7
405 , 7
405 , 8
406 , 8
406 , 7
407 , 7
407 , 8
408 , 8
408 , 9
409 , 9
409 , 8
410 , 9
410 , 10
409 , 10
410 , 11
410 , 12
410 , 13
410 , 14
410 , 15
409 , 15
409 , 16
409 , 17
409 , 18
409 , 19
408 , 19
408 , 20
408 , 21
408 , 22
407 , 22
407 , 23
407 , 24
407 , 25
406 , 25
406 , 26
406 , 27
406 , 28
405 , 28
405 , 29
405 , 30
405 , 31
404 , 31
404 , 32
404 , 33
403 , 33
403 , 34
403 , 35
402 , 35
402 , 36
402 , 37
401 , 37
401 , 38
401 , 39
400 , 39
400 , 40
399 , 40
399 , 41
399 , 42
398 , 42
398 , 43
397 , 43
397 , 44
397 , 45
396 , 45
396 , 46
395 , 46
394 , 46
394 , 47
393 , 47
393 , 48
393 , 49
392 , 49
391 , 49
391 , 50
390 , 50
389 , 50
389 , 51
388 , 51
387 , 51
387 , 52
386 , 52
385 , 52
384 , 52
383 , 52
382 , 52
382 , 53
381 , 53
380 , 53
379 , 53
378 , 53
377 , 53
376 , 53
375 , 53
374 , 53
373 , 53
373 , 54
372 , 54
371 , 54
371 , 55
370 , 55
370 , 56
370 , 57
370 , 58
370 , 59
371 , 59
371 , 58
371 , 57
371 , 56
372 , 55
374 , 54
375 , 54
376 , 54
377 , 54
378 , 54
379 , 54
380 , 54
383 , 53
384 , 53
385 , 53
386 , 53
388 , 52
389 , 52
390 , 51
391 , 51
392 , 50
394 , 48
395 , 47
398 , 44
399 , 43
400 , 42
400 , 41
401 , 40
402 , 39
402 , 38
403 , 37
403 , 36
404 , 35
404 , 34
405 , 33
405 , 32
406 , 30
406 , 29
407 , 29
407 , 28
407 , 27
407 , 26
408 , 26
408 , 25
408 , 24
408 , 23
409 , 22
409 , 21
409 , 20
410 , 18
410 , 17
410 , 16
411 , 14
411 , 13
411 , 12
412 , 13
412 , 14
413 , 14
413 , 13
414 , 14
414 , 15
413 , 15
415 , 15
415 , 14
416 , 15
416 , 16
415 , 16
416 , 17
417 , 17
417 , 16
418 , 17
418 , 18
417 , 18
418 , 19
419 , 19
419 , 18
420 , 19
420 , 20
419 , 20
420 , 21
420 , 22
421 , 22
421 , 21
421 , 20
422 , 22
422 , 23
421 , 23
422 , 24
422 , 25
423 , 25
423 , 24
423 , 26
423 , 27
424 , 27
424 , 26
425 , 27
425 , 28
424 , 28
424 , 29
424 , 30
424 , 31
425 , 31
425 , 30
425 , 29
426 , 31
426 , 32
425 , 32
425 , 33
425 , 34
425 , 35
425 , 36
426 , 36
426 , 35
426 , 34
426 , 33
427 , 33
427 , 32
428 , 32
427 , 36
427 , 37
426 , 37
426 , 38
427 , 38
427 , 39
427 , 40
427 , 41
428 , 41
428 , 40
428 , 39
428 , 42
428 , 43
429 , 43
429 , 42
430 , 43
430 , 44
429 , 44
431 , 44
431 , 45
432 , 45
432 , 44
433 , 44
433 , 45
434 , 45
435 , 45
436 , 45
436 , 46
436 , 47
436 , 48
436 , 49
436 , 50
435 , 50
435 , 51
435 , 52
434 , 52
434 , 53
433 , 53
433 , 54
432 , 54
432 , 55
432 , 56
432 , 57
433 , 57
433 , 58
433 , 59
433 , 60
433 , 61
432 , 61
431 , 61
430 , 61
430 , 62
429 , 62
429 , 63
428 , 63
430 , 63
431 , 62
432 , 62
433 , 62
433 , 63
433 , 64
433 , 65
433 , 66
433 , 67
433 , 68
434 , 68
434 , 67
434 , 66
434 , 65
434 , 64
434 , 63
434 , 62
434 , 61
434 , 60
434 , 59
434 , 58
434 , 57
435 , 58
434 , 54
435 , 53
436 , 52
436 , 51
437 , 49
437 , 48
437 , 47
437 , 46
437 , 45
423 , 43
422 , 43
422 , 42
422 , 41
421 , 41
420 , 41
419 , 41
418 , 41
418 , 42
417 , 42
416 , 42
416 , 43
415 , 43
415 , 44
416 , 44
417 , 44
417 , 43
418 , 44
419 , 44
420 , 44
421 , 44
423 , 42
423 , 41
423 , 40
422 , 40
421 , 40
420 , 40
419 , 40
420 , 39
421 , 39
421 , 38
422 , 38
422 , 37
423 , 37
423 , 36
423 , 38
423 , 39
422 , 39
417 , 35
416 , 35
415 , 35
415 , 36
415 , 37
414 , 37
414 , 38
416 , 36
416 , 34
416 , 33
417 , 33
417 , 32
418 , 32
418 , 33
419 , 33
419 , 32
419 , 31
420 , 31
420 , 32
421 , 32
421 , 31
417 , 34
411 , 10
398 , 12
397 , 12
397 , 11
397 , 13
397 , 14
397 , 15
396 , 15
396 , 16
396 , 17
396 , 18
395 , 18
395 , 19
395 , 20
394 , 20
394 , 21
394 , 22
393 , 22
393 , 23
393 , 24
392 , 24
392 , 25
391 , 25
391 , 26
391 , 27
390 , 27
390 , 28
389 , 28
389 , 29
388 , 29
388 , 30
387 , 30
387 , 31
386 , 31
386 , 32
385 , 32
385 , 33
384 , 33
384 , 34
383 , 34
383 , 35
382 , 35
382 , 36
381 , 36
380 , 36
380 , 37
379 , 37
379 , 38
378 , 38
377 , 38
376 , 38
376 , 39
375 , 39
375 , 40
374 , 40
373 , 40
372 , 40
371 , 40
370 , 41
377 , 39
378 , 39
380 , 38
381 , 37
382 , 37
383 , 36
384 , 35
385 , 34
386 , 34
386 , 33
387 , 32
388 , 31
389 , 30
390 , 29
391 , 28
392 , 26
393 , 25
394 , 24
394 , 23
395 , 22
395 , 21
396 , 19
398 , 14
398 , 13
365 , 10
339 , 10
338 , 11
336 , 13
335 , 14
334 , 15
333 , 17
332 , 18
332 , 19
332 , 20
331 , 20
331 , 21
331 , 22
331 , 23
331 , 24
330 , 25
330 , 26
330 , 27
330 , 28
330 , 29
331 , 30
331 , 31
331 , 32
331 , 33
332 , 34
332 , 35
332 , 36
333 , 37
334 , 39
335 , 40
335 , 41
335 , 42
336 , 42
336 , 43
336 , 44
336 , 45
335 , 46
335 , 47
335 , 48
334 , 49
333 , 51
332 , 52
331 , 53
330 , 54
325 , 64
324 , 64
323 , 63
322 , 62
321 , 61
320 , 60
319 , 59
318 , 58
326 , 65
327 , 65
327 , 67
328 , 67
329 , 67
330 , 67
331 , 67
332 , 67
332 , 68
333 , 68
333 , 67
334 , 67
334 , 68
335 , 68
335 , 67
336 , 67
336 , 68
337 , 67
338 , 67
339 , 67
340 , 67
341 , 67
342 , 67
343 , 66
344 , 66
345 , 66
345 , 65
346 , 65
347 , 64
349 , 63
350 , 62
351 , 60
352 , 60
352 , 59
352 , 58
352 , 57
352 , 56
352 , 55
352 , 54
351 , 54
351 , 53
351 , 52
351 , 51
350 , 51
350 , 50
350 , 49
349 , 49
349 , 48
349 , 47
350 , 47
350 , 46
350 , 45
350 , 48
351 , 49
351 , 50
352 , 52
352 , 53
353 , 54
353 , 55
353 , 56
353 , 57
353 , 58
353 , 59
353 , 60
353 , 61
353 , 62
353 , 63
353 , 64
353 , 65
353 , 66
353 , 67
353 , 68
352 , 69
352 , 70
352 , 71
352 , 72
352 , 73
353 , 73
353 , 74
353 , 75
353 , 76
353 , 77
353 , 78
354 , 79
354 , 80
355 , 81
355 , 82
356 , 83
357 , 85
358 , 86
359 , 87
361 , 88
362 , 89
363 , 89
364 , 89
364 , 90
365 , 90
366 , 90
367 , 90
367 , 92
368 , 92
369 , 92
370 , 92
371 , 92
372 , 92
373 , 92
374 , 92
375 , 92
376 , 92
377 , 92
379 , 91
380 , 91
381 , 91
381 , 90
382 , 90
383 , 90
384 , 89
385 , 87
386 , 87
387 , 87
387 , 86
387 , 85
387 , 84
387 , 83
387 , 82
387 , 81
388 , 81
388 , 80
388 , 79
388 , 78
387 , 78
387 , 77
387 , 76
386 , 76
386 , 75
386 , 74
385 , 74
385 , 73
384 , 73
384 , 72
384 , 71
383 , 71
383 , 70
383 , 69
382 , 69
382 , 68
381 , 68
380 , 68
380 , 67
379 , 67
379 , 66
378 , 66
377 , 66
377 , 65
376 , 65
376 , 64
375 , 64
375 , 63
374 , 63
374 , 62
373 , 62
373 , 61
372 , 61
372 , 60
371 , 60
372 , 59
373 , 60
374 , 61
375 , 62
376 , 63
377 , 64
378 , 65
379 , 65
380 , 66
381 , 67
383 , 68
384 , 70
385 , 71
385 , 72
386 , 73
387 , 75
388 , 77
389 , 78
389 , 79
389 , 80
389 , 81
388 , 82
388 , 83
388 , 84
388 , 85
390 , 80
387 , 92
387 , 93
387 , 94
387 , 95
386 , 95
386 , 96
386 , 97
386 , 98
386 , 99
386 , 100
386 , 101
386 , 102
385 , 103
385 , 104
385 , 105
385 , 106
385 , 107
385 , 108
384 , 108
384 , 109
384 , 110
384 , 111
383 , 113
382 , 115
379 , 117
376 , 121
375 , 121
374 , 121
374 , 120
373 , 120
372 , 120
372 , 121
372 , 122
371 , 122
371 , 123
372 , 123
372 , 124
373 , 124
373 , 123
373 , 125
374 , 125
374 , 126
374 , 127
375 , 127
375 , 126
376 , 127
376 , 128
375 , 128
375 , 129
375 , 130
376 , 130
376 , 129
377 , 129
377 , 130
377 , 131
376 , 131
376 , 132
376 , 133
376 , 134
377 , 134
377 , 133
377 , 132
378 , 134
378 , 135
377 , 135
377 , 136
377 , 137
378 , 137
378 , 136
378 , 138
378 , 139
378 , 140
378 , 141
378 , 142
378 , 143
378 , 144
378 , 145
378 , 146
378 , 147
378 , 148
377 , 148
377 , 149
377 , 150
377 , 151
376 , 151
376 , 152
376 , 153
375 , 153
375 , 154
374 , 154
374 , 155
373 , 155
372 , 155
372 , 156
371 , 156
370 , 156
369 , 156
368 , 156
367 , 156
366 , 156
365 , 156
364 , 156
363 , 156
362 , 156
361 , 156
360 , 156
360 , 155
359 , 155
358 , 155
358 , 154
357 , 154
356 , 154
356 , 153
355 , 153
354 , 153
353 , 153
353 , 152
353 , 151
353 , 150
353 , 149
353 , 148
352 , 147
351 , 146
350 , 145
349 , 144
348 , 143
347 , 142
346 , 141
345 , 140
344 , 140
344 , 139
341 , 137
341 , 136
340 , 136
339 , 135
338 , 134
335 , 132
334 , 131
333 , 130
332 , 129
330 , 128
329 , 127
328 , 126
327 , 125
325 , 124
324 , 123
323 , 122
322 , 122
322 , 121
321 , 121
320 , 120
319 , 119
318 , 118
317 , 117
316 , 117
315 , 116
314 , 115
313 , 114
312 , 113
311 , 113
310 , 112
309 , 111
308 , 110
306 , 109
305 , 108
304 , 107
303 , 106
302 , 106
301 , 105
300 , 104
299 , 103
298 , 102
297 , 101
295 , 100
294 , 99
293 , 98
292 , 97
291 , 96
290 , 95
289 , 94
288 , 93
287 , 92
286 , 91
285 , 90
284 , 89
283 , 88
282 , 87
282 , 86
281 , 85
280 , 84
279 , 83
278 , 82
278 , 81
277 , 80
276 , 79
275 , 78
274 , 76
273 , 75
273 , 74
272 , 74
272 , 73
271 , 72
270 , 71
270 , 70
269 , 70
269 , 69
268 , 68
266 , 65
265 , 64
265 , 63
264 , 62
263 , 61
262 , 59
261 , 58
261 , 57
260 , 57
260 , 56
259 , 55
259 , 54
258 , 53
257 , 52
256 , 51
256 , 50
255 , 50
255 , 49
254 , 48
253 , 46
252 , 45
251 , 44
251 , 43
250 , 42
249 , 41
248 , 39
247 , 38
246 , 37
246 , 36
245 , 36
244 , 34
243 , 33
242 , 32
242 , 31
241 , 31
241 , 30
240 , 29
239 , 28
238 , 28
237 , 28
236 , 28
235 , 28
234 , 28
233 , 28
232 , 28
231 , 28
230 , 28
229 , 28
228 , 28
227 , 28
226 , 28
225 , 28
224 , 28
223 , 28
223 , 27
222 , 27
221 , 27
220 , 27
219 , 27
218 , 27
217 , 27
216 , 26
215 , 26
211 , 25
223 , 21
224 , 21
224 , 20
224 , 19
224 , 18
224 , 17
224 , 16
222 , 15
221 , 14
220 , 14
219 , 14
219 , 13
218 , 13
217 , 13
216 , 12
215 , 12
213 , 11
212 , 11
211 , 10
210 , 10
208 , 9
207 , 9
206 , 8
205 , 8
203 , 7
200 , 5
289 , 87
315 , 92
375 , 122
376 , 122
376 , 123
377 , 123
377 , 122
378 , 123
378 , 124
377 , 124
379 , 124
379 , 125
380 , 125
380 , 126
381 , 126
381 , 125
382 , 126
382 , 127
381 , 127
382 , 128
383 , 128
383 , 127
384 , 128
384 , 129
383 , 129
384 , 130
385 , 130
385 , 129
386 , 130
386 , 131
385 , 131
386 , 132
387 , 132
387 , 131
387 , 130
388 , 131
388 , 132
388 , 133
389 , 133
389 , 132
390 , 133
390 , 134
389 , 134
390 , 135
391 , 135
391 , 134
392 , 135
392 , 136
391 , 136
392 , 137
393 , 137
393 , 136
394 , 136
394 , 137
394 , 138
393 , 138
394 , 139
395 , 139
395 , 138
396 , 139
396 , 140
396 , 141
397 , 141
397 , 140
398 , 141
398 , 142
397 , 142
398 , 143
399 , 143
399 , 142
399 , 141
400 , 142
400 , 143
400 , 144
401 , 144
401 , 143
402 , 144
402 , 145
401 , 145
402 , 146
403 , 146
403 , 145
404 , 146
404 , 147
403 , 147
404 , 148
405 , 148
405 , 147
406 , 148
406 , 149
407 , 149
407 , 148
408 , 149
408 , 150
407 , 150
408 , 151
409 , 151
409 , 150
410 , 151
410 , 152
409 , 152
410 , 153
411 , 153
411 , 152
412 , 152
412 , 153
412 , 154
413 , 154
413 , 153
414 , 154
414 , 155
413 , 155
414 , 156
415 , 156
415 , 155
416 , 155
416 , 156
416 , 157
417 , 157
417 , 156
418 , 157
418 , 158
419 , 158
419 , 157
420 , 158
420 , 159
421 , 159
421 , 158
422 , 158
422 , 159
422 , 160
423 , 160
423 , 159
424 , 159
424 , 160
425 , 160
425 , 159
426 , 159
426 , 158
427 , 158
427 , 159
428 , 159
428 , 158
429 , 158
429 , 157
430 , 157
430 , 156
431 , 156
431 , 155
432 , 155
432 , 154
433 , 154
433 , 153
433 , 152
434 , 152
434 , 151
434 , 150
434 , 149
434 , 148
434 , 147
434 , 146
434 , 145
434 , 144
434 , 143
434 , 142
434 , 141
434 , 140
434 , 139
433 , 139
433 , 138
433 , 137
433 , 136
433 , 135
432 , 135
432 , 134
432 , 133
432 , 132
431 , 132
431 , 131
431 , 130
430 , 130
430 , 129
430 , 128
429 , 128
429 , 127
429 , 126
428 , 126
428 , 125
428 , 124
427 , 124
427 , 123
426 , 123
425 , 123
424 , 123
423 , 123
422 , 123
421 , 123
420 , 123
419 , 123
418 , 123
417 , 123
416 , 123
415 , 123
414 , 123
413 , 123
413 , 122
412 , 122
412 , 121
411 , 121
411 , 120
411 , 119
411 , 118
411 , 117
411 , 116
411 , 115
411 , 114
411 , 113
411 , 112
411 , 111
411 , 110
411 , 109
411 , 108
412 , 108
412 , 107
412 , 106
412 , 105
412 , 104
412 , 103
413 , 103
413 , 102
413 , 101
413 , 100
414 , 100
414 , 99
414 , 98
414 , 97
414 , 96
415 , 96
415 , 95
415 , 94
415 , 93
415 , 92
415 , 91
416 , 91
416 , 90
416 , 89
416 , 88
416 , 87
417 , 87
417 , 86
418 , 86
418 , 85
419 , 85
419 , 86
420 , 86
420 , 85
420 , 84
421 , 84
421 , 85
422 , 85
422 , 84
423 , 84
423 , 83
424 , 83
424 , 84
425 , 83
425 , 82
426 , 82
427 , 82
427 , 81
427 , 80
428 , 80
428 , 81
429 , 81
429 , 80
429 , 79
429 , 78
430 , 78
430 , 79
430 , 80
431 , 80
431 , 79
431 , 78
431 , 77
432 , 77
432 , 78
432 , 79
433 , 78
433 , 77
433 , 76
434 , 76
434 , 75
435 , 75
435 , 74
436 , 74
436 , 73
436 , 72
436 , 71
435 , 71
435 , 70
435 , 69
434 , 69
435 , 68
436 , 69
436 , 70
437 , 72
437 , 73
436 , 75
436 , 76
435 , 76
435 , 77
434 , 77
426 , 79
425 , 79
423 , 80
422 , 80
421 , 80
421 , 81
420 , 81
419 , 81
419 , 82
418 , 82
417 , 82
416 , 82
415 , 82
414 , 82
413 , 82
412 , 82
411 , 82
410 , 82
409 , 82
408 , 82
407 , 82
406 , 82
405 , 82
417 , 81
422 , 81
423 , 81
418 , 87
417 , 88
417 , 89
417 , 90
417 , 91
416 , 92
416 , 93
416 , 94
416 , 95
416 , 96
415 , 97
415 , 98
414 , 101
414 , 102
414 , 103
413 , 104
413 , 105
413 , 106
413 , 107
413 , 108
413 , 109
412 , 109
412 , 110
412 , 111
412 , 112
412 , 113
412 , 114
412 , 115
412 , 116
412 , 117
412 , 118
412 , 119
412 , 120
413 , 121
414 , 122
415 , 122
416 , 122
417 , 122
418 , 122
419 , 122
420 , 122
421 , 122
422 , 122
423 , 122
424 , 122
425 , 122
425 , 121
426 , 121
426 , 122
427 , 122
427 , 121
428 , 121
428 , 120
429 , 120
429 , 119
430 , 119
430 , 118
431 , 118
431 , 117
432 , 117
432 , 118
433 , 118
433 , 117
433 , 116
434 , 116
434 , 117
435 , 117
435 , 116
435 , 115
436 , 115
436 , 116
437 , 116
437 , 115
438 , 115
438 , 114
439 , 114
439 , 113
440 , 113
440 , 114
441 , 114
441 , 113
442 , 113
442 , 112
443 , 112
443 , 113
444 , 113
444 , 112
444 , 111
445 , 111
445 , 112
446 , 112
446 , 111
447 , 111
447 , 110
448 , 110
448 , 111
449 , 110
449 , 109
450 , 109
450 , 110
451 , 110
451 , 109
451 , 108
452 , 108
452 , 109
453 , 109
453 , 108
453 , 107
454 , 107
454 , 108
455 , 108
455 , 107
455 , 106
456 , 106
456 , 107
457 , 107
457 , 106
457 , 105
458 , 105
458 , 106
459 , 105
459 , 104
460 , 104
460 , 103
461 , 103
461 , 102
462 , 102
462 , 103
462 , 104
461 , 104
460 , 105
463 , 103
463 , 102
463 , 101
464 , 101
464 , 102
465 , 101
465 , 100
466 , 100
466 , 99
467 , 99
467 , 98
468 , 98
468 , 97
469 , 97
469 , 98
470 , 98
470 , 97
470 , 96
471 , 96
471 , 95
472 , 95
472 , 94
473 , 94
473 , 95
474 , 95
474 , 94
474 , 93
475 , 93
475 , 92
476 , 92
476 , 93
475 , 94
477 , 92
477 , 91
478 , 91
478 , 90
478 , 89
479 , 89
479 , 90
479 , 91
480 , 90
480 , 89
480 , 88
481 , 88
481 , 87
482 , 87
482 , 86
483 , 86
483 , 85
484 , 85
484 , 86
485 , 86
485 , 85
485 , 84
486 , 84
486 , 83
487 , 83
487 , 82
488 , 82
488 , 81
489 , 81
489 , 80
490 , 80
490 , 79
491 , 79
491 , 78
492 , 78
492 , 77
493 , 77
493 , 76
494 , 76
494 , 75
495 , 75
495 , 74
495 , 73
496 , 73
496 , 72
497 , 72
497 , 71
498 , 71
498 , 70
499 , 70
499 , 69
500 , 69
500 , 68
501 , 68
501 , 67
501 , 66
502 , 66
502 , 67
502 , 68
501 , 69
500 , 70
499 , 71
498 , 72
497 , 73
496 , 74
495 , 76
494 , 77
493 , 78
492 , 79
491 , 80
490 , 81
489 , 82
488 , 83
487 , 84
486 , 85
483 , 87
482 , 88
481 , 89
470 , 89
472 , 96
471 , 97
468 , 99
467 , 100
466 , 101
482 , 117
482 , 118
481 , 118
481 , 119
480 , 119
480 , 120
479 , 120
479 , 121
478 , 121
477 , 121
477 , 122
476 , 122
476 , 123
475 , 123
475 , 124
474 , 124
474 , 125
473 , 125
472 , 125
472 , 126
471 , 126
471 , 127
470 , 127
469 , 127
469 , 128
469 , 129
468 , 129
467 , 129
467 , 130
466 , 130
466 , 131
465 , 131
464 , 131
464 , 132
463 , 132
463 , 133
462 , 133
462 , 134
461 , 134
461 , 135
460 , 135
460 , 136
459 , 136
458 , 136
458 , 137
457 , 137
457 , 138
456 , 138
456 , 139
455 , 139
455 , 140
454 , 140
454 , 141
453 , 141
452 , 141
452 , 142
451 , 142
451 , 143
450 , 143
450 , 144
449 , 144
449 , 145
448 , 145
448 , 146
447 , 146
447 , 147
446 , 147
446 , 148
445 , 148
445 , 149
444 , 149
443 , 149
442 , 149
442 , 148
442 , 147
441 , 147
441 , 146
441 , 145
440 , 145
440 , 144
439 , 144
439 , 143
439 , 142
438 , 142
438 , 141
438 , 140
437 , 140
437 , 139
437 , 138
436 , 138
435 , 138
434 , 138
434 , 137
434 , 136
434 , 135
434 , 134
433 , 134
433 , 133
433 , 132
432 , 131
432 , 130
431 , 129
431 , 128
431 , 127
430 , 127
430 , 126
429 , 125
429 , 124
428 , 123
430 , 120
431 , 119
439 , 115
442 , 114
434 , 133
435 , 134
435 , 135
435 , 136
435 , 137
436 , 137
436 , 136
438 , 139
439 , 140
439 , 141
440 , 142
440 , 143
441 , 144
442 , 146
443 , 148
443 , 150
442 , 150
443 , 151
443 , 152
444 , 152
444 , 151
444 , 150
445 , 152
445 , 153
444 , 153
444 , 154
445 , 154
445 , 155
445 , 156
446 , 156
446 , 155
446 , 157
446 , 158
446 , 159
446 , 160
446 , 161
447 , 161
447 , 160
447 , 159
447 , 158
447 , 157
448 , 160
448 , 161
448 , 162
447 , 162
447 , 163
447 , 164
447 , 165
447 , 166
447 , 167
447 , 168
448 , 168
448 , 167
448 , 166
448 , 165
448 , 164
448 , 163
449 , 166
449 , 167
449 , 168
449 , 169
448 , 169
448 , 170
448 , 171
448 , 172
448 , 173
448 , 174
448 , 175
448 , 176
447 , 176
447 , 177
447 , 178
447 , 179
447 , 180
447 , 181
447 , 182
447 , 183
447 , 184
446 , 184
446 , 185
446 , 186
446 , 187
446 , 188
445 , 188
445 , 189
445 , 190
445 , 191
444 , 191
444 , 192
444 , 193
443 , 193
443 , 194
443 , 195
443 , 196
442 , 196
442 , 197
442 , 198
441 , 198
441 , 199
441 , 200
440 , 200
440 , 201
439 , 201
439 , 202
439 , 203
438 , 203
438 , 204
438 , 205
437 , 205
437 , 206
437 , 207
436 , 207
436 , 208
435 , 208
435 , 209
434 , 209
434 , 210
434 , 211
433 , 211
433 , 212
433 , 213
432 , 213
432 , 214
432 , 215
431 , 215
431 , 216
430 , 216
430 , 217
429 , 217
429 , 218
429 , 219
428 , 219
428 , 220
427 , 220
427 , 221
427 , 222
426 , 222
426 , 223
425 , 223
425 , 224
425 , 225
424 , 225
424 , 226
423 , 226
423 , 227
423 , 228
422 , 228
422 , 229
421 , 229
421 , 230
420 , 230
420 , 231
420 , 232
419 , 232
419 , 233
419 , 234
418 , 234
418 , 235
417 , 235
417 , 236
416 , 236
416 , 237
416 , 238
415 , 238
415 , 239
414 , 239
414 , 240
414 , 241
413 , 241
413 , 242
412 , 242
412 , 243
411 , 243
411 , 244
411 , 245
410 , 245
410 , 246
409 , 246
409 , 247
409 , 248
408 , 248
408 , 249
407 , 249
407 , 250
406 , 250
406 , 251
406 , 252
405 , 252
405 , 253
405 , 254
404 , 254
404 , 255
403 , 255
403 , 256
402 , 256
402 , 257
402 , 258
401 , 258
401 , 259
400 , 259
400 , 260
400 , 261
399 , 261
399 , 262
398 , 262
398 , 263
397 , 263
397 , 264
397 , 265
396 , 265
396 , 266
396 , 267
395 , 267
395 , 268
394 , 268
394 , 269
394 , 270
393 , 270
393 , 271
392 , 271
392 , 272
392 , 273
391 , 273
391 , 274
391 , 275
390 , 275
390 , 276
389 , 276
389 , 277
389 , 278
388 , 278
388 , 279
388 , 280
387 , 280
387 , 281
387 , 282
387 , 283
386 , 283
386 , 284
385 , 284
384 , 284
383 , 284
382 , 284
382 , 283
381 , 283
381 , 282
380 , 282
380 , 281
380 , 280
379 , 280
379 , 279
379 , 278
378 , 278
378 , 277
377 , 277
377 , 276
377 , 275
376 , 275
376 , 274
376 , 273
375 , 273
375 , 272
375 , 271
374 , 271
374 , 270
374 , 269
373 , 269
373 , 268
373 , 267
372 , 267
372 , 266
372 , 265
371 , 265
371 , 264
371 , 263
371 , 262
370 , 262
370 , 261
370 , 260
369 , 260
369 , 259
369 , 258
369 , 257
368 , 257
368 , 256
367 , 256
367 , 255
367 , 254
367 , 253
366 , 253
366 , 252
366 , 251
366 , 250
365 , 250
365 , 249
365 , 248
365 , 247
364 , 247
364 , 246
364 , 245
363 , 245
363 , 244
363 , 243
363 , 242
362 , 242
362 , 241
362 , 240
362 , 239
361 , 239
361 , 238
361 , 237
361 , 236
360 , 236
360 , 235
360 , 234
359 , 234
359 , 233
359 , 232
358 , 232
358 , 231
358 , 230
358 , 229
357 , 229
357 , 228
357 , 227
357 , 226
357 , 225
356 , 225
356 , 224
356 , 223
356 , 222
355 , 222
355 , 221
355 , 220
354 , 220
354 , 219
354 , 218
355 , 218
355 , 217
355 , 219
356 , 220
356 , 221
357 , 223
357 , 224
358 , 225
358 , 226
358 , 227
358 , 228
359 , 228
359 , 229
359 , 230
359 , 231
360 , 232
360 , 233
361 , 235
362 , 237
362 , 238
363 , 239
363 , 240
363 , 241
364 , 242
364 , 243
364 , 244
365 , 246
366 , 248
366 , 249
367 , 250
367 , 251
367 , 252
368 , 253
368 , 254
368 , 255
369 , 256
370 , 258
370 , 259
371 , 260
371 , 261
372 , 262
372 , 263
372 , 264
373 , 265
373 , 266
374 , 267
374 , 268
375 , 270
376 , 271
376 , 272
377 , 273
377 , 274
378 , 276
379 , 277
380 , 279
381 , 280
381 , 281
382 , 282
383 , 283
383 , 285
384 , 285
385 , 285
386 , 285
387 , 284
388 , 282
388 , 281
389 , 280
389 , 279
390 , 278
390 , 277
391 , 276
392 , 274
393 , 273
393 , 272
394 , 271
395 , 270
395 , 269
396 , 268
397 , 266
398 , 266
398 , 265
398 , 264
399 , 264
399 , 263
400 , 262
401 , 260
402 , 259
403 , 258
403 , 257
404 , 256
405 , 255
406 , 253
407 , 252
407 , 251
408 , 251
408 , 250
409 , 249
410 , 247
411 , 246
412 , 245
412 , 244
413 , 243
414 , 242
415 , 240
416 , 239
417 , 238
417 , 237
418 , 236
419 , 235
420 , 233
421 , 232
421 , 231
422 , 231
422 , 230
423 , 229
424 , 227
425 , 226
426 , 225
426 , 224
427 , 223
428 , 222
428 , 221
429 , 220
430 , 219
430 , 218
431 , 217
432 , 216
433 , 214
434 , 213
434 , 212
435 , 211
435 , 210
436 , 209
437 , 208
438 , 206
439 , 205
439 , 204
440 , 203
440 , 202
441 , 201
442 , 199
443 , 198
443 , 197
444 , 196
444 , 195
444 , 194
445 , 193
445 , 192
446 , 191
446 , 190
446 , 189
447 , 188
447 , 187
447 , 186
447 , 185
448 , 184
448 , 183
448 , 182
448 , 181
448 , 180
448 , 179
448 , 178
448 , 177
449 , 177
449 , 176
449 , 175
449 , 174
449 , 173
449 , 172
449 , 171
449 , 170
449 , 178
430 , 158
431 , 157
432 , 156
433 , 155
434 , 154
434 , 153
435 , 152
435 , 151
435 , 150
435 , 149
435 , 148
435 , 147
435 , 146
435 , 145
435 , 144
435 , 143
435 , 142
435 , 141
435 , 140
436 , 146
436 , 147
436 , 148
446 , 149
447 , 148
448 , 147
449 , 146
450 , 145
451 , 144
452 , 143
453 , 142
454 , 142
455 , 141
456 , 140
457 , 139
458 , 138
459 , 137
460 , 137
461 , 136
462 , 135
463 , 134
464 , 133
465 , 133
465 , 132
466 , 132
467 , 131
468 , 130
470 , 129
470 , 128
471 , 128
472 , 127
473 , 126
475 , 125
476 , 124
477 , 123
478 , 122
479 , 122
480 , 121
481 , 120
482 , 119
483 , 119
483 , 118
483 , 117
484 , 117
484 , 116
485 , 116
485 , 115
486 , 115
486 , 114
487 , 114
487 , 113
488 , 113
488 , 114
489 , 114
489 , 113
489 , 112
490 , 112
490 , 111
491 , 111
491 , 110
492 , 110
492 , 111
491 , 112
490 , 113
487 , 115
486 , 116
485 , 117
484 , 118
493 , 110
493 , 109
494 , 109
494 , 108
495 , 108
495 , 107
496 , 107
496 , 106
497 , 106
497 , 105
498 , 105
498 , 104
499 , 104
499 , 103
500 , 103
500 , 104
501 , 104
501 , 103
501 , 102
502 , 102
502 , 101
503 , 101
503 , 100
504 , 100
504 , 99
505 , 99
505 , 98
506 , 98
506 , 97
507 , 97
507 , 96
508 , 96
508 , 95
509 , 95
509 , 94
510 , 94
510 , 93
510 , 92
511 , 92
511 , 91
512 , 91
512 , 90
513 , 90
513 , 89
514 , 89
514 , 88
515 , 88
515 , 87
515 , 86
516 , 86
516 , 85
517 , 85
517 , 84
518 , 84
518 , 83
518 , 82
519 , 82
519 , 81
520 , 81
520 , 80
521 , 80
521 , 79
521 , 78
522 , 78
522 , 77
523 , 77
523 , 76
523 , 75
524 , 75
524 , 74
525 , 74
525 , 73
526 , 73
526 , 72
526 , 71
527 , 71
527 , 70
528 , 70
528 , 69
528 , 68
529 , 68
529 , 67
530 , 67
530 , 66
531 , 66
531 , 65
531 , 64
532 , 64
532 , 63
533 , 63
533 , 62
533 , 61
534 , 61
534 , 60
535 , 60
535 , 59
535 , 58
536 , 58
536 , 57
537 , 57
537 , 56
537 , 55
538 , 55
538 , 54
539 , 54
539 , 53
539 , 52
540 , 52
540 , 51
541 , 51
541 , 50
542 , 50
542 , 49
542 , 48
543 , 48
543 , 47
544 , 47
544 , 46
545 , 46
545 , 45
545 , 44
546 , 44
546 , 43
547 , 43
547 , 42
548 , 42
548 , 41
548 , 40
549 , 40
549 , 39
550 , 39
550 , 38
550 , 37
551 , 37
551 , 36
552 , 36
552 , 35
553 , 35
553 , 34
554 , 34
554 , 33
555 , 33
555 , 32
556 , 32
556 , 33
556 , 34
555 , 34
554 , 35
553 , 36
552 , 37
552 , 38
551 , 38
551 , 39
550 , 40
549 , 41
548 , 43
547 , 44
546 , 45
545 , 47
544 , 48
543 , 49
542 , 51
541 , 52
540 , 53
539 , 55
538 , 56
538 , 57
537 , 58
536 , 59
535 , 61
534 , 62
533 , 64
532 , 65
531 , 67
530 , 68
529 , 69
529 , 70
528 , 71
527 , 72
526 , 74
525 , 75
525 , 76
524 , 76
524 , 77
523 , 78
522 , 79
521 , 81
520 , 82
519 , 83
519 , 84
518 , 85
517 , 86
516 , 87
516 , 88
515 , 89
514 , 90
513 , 91
512 , 92
511 , 93
511 , 94
510 , 95
509 , 96
508 , 97
507 , 98
506 , 99
505 , 100
504 , 101
503 , 102
502 , 103
499 , 105
498 , 106
497 , 107
496 , 108
495 , 109
494 , 110
503 , 67
503 , 66
503 , 65
503 , 64
504 , 64
504 , 63
505 , 63
505 , 62
506 , 62
506 , 61
507 , 61
507 , 60
508 , 60
508 , 59
509 , 59
509 , 58
510 , 58
510 , 57
510 , 56
511 , 56
511 , 55
512 , 55
512 , 54
513 , 54
513 , 53
514 , 53
514 , 52
515 , 52
515 , 51
516 , 51
516 , 50
517 , 50
517 , 49
518 , 49
518 , 48
519 , 48
519 , 47
520 , 47
520 , 46
521 , 46
521 , 45
522 , 45
522 , 44
522 , 43
523 , 43
523 , 42
524 , 42
524 , 41
525 , 41
525 , 40
526 , 40
526 , 39
527 , 39
527 , 38
528 , 38
528 , 37
529 , 37
529 , 36
530 , 36
530 , 35
531 , 35
531 , 34
532 , 34
532 , 33
533 , 33
533 , 32
534 , 32
534 , 31
535 , 31
535 , 32
534 , 33
533 , 34
532 , 35
531 , 36
530 , 37
529 , 38
528 , 39
527 , 40
526 , 41
525 , 42
525 , 43
524 , 43
524 , 44
523 , 44
523 , 45
521 , 47
520 , 48
519 , 49
518 , 50
517 , 51
516 , 52
515 , 53
514 , 54
513 , 55
512 , 56
512 , 57
511 , 57
511 , 58
510 , 59
509 , 60
508 , 61
507 , 62
506 , 63
505 , 64
504 , 65
543 , 40
538 , 30
537 , 30
536 , 30
536 , 29
537 , 29
538 , 29
538 , 28
539 , 28
539 , 27
540 , 27
540 , 26
541 , 26
541 , 25
542 , 25
542 , 26
541 , 27
540 , 28
539 , 29
536 , 31
535 , 24
543 , 24
543 , 25
544 , 25
544 , 24
544 , 23
545 , 23
545 , 22
546 , 22
546 , 23
546 , 24
545 , 24
547 , 23
547 , 22
548 , 22
548 , 21
549 , 21
549 , 22
548 , 23
550 , 21
550 , 20
551 , 20
551 , 21
552 , 21
552 , 20
552 , 19
553 , 19
553 , 20
554 , 20
554 , 19
554 , 18
555 , 18
555 , 19
556 , 19
556 , 18
556 , 17
557 , 17
557 , 18
557 , 19
558 , 18
558 , 17
559 , 17
559 , 16
560 , 16
560 , 17
561 , 17
561 , 16
562 , 16
562 , 15
563 , 15
563 , 14
564 , 14
564 , 15
564 , 16
563 , 16
565 , 15
565 , 14
566 , 14
566 , 13
567 , 13
567 , 14
567 , 15
566 , 15
568 , 14
568 , 13
569 , 13
569 , 14
570 , 14
570 , 13
570 , 12
571 , 12
571 , 13
572 , 13
572 , 12
573 , 12
573 , 11
574 , 11
574 , 12
575 , 12
575 , 11
576 , 11
576 , 10
577 , 10
577 , 11
578 , 11
578 , 10
579 , 10
579 , 11
580 , 11
580 , 10
581 , 10
581 , 11
582 , 11
582 , 10
582 , 9
583 , 9
583 , 10
583 , 11
584 , 10
584 , 9
585 , 9
585 , 10
586 , 10
586 , 9
587 , 9
587 , 10
588 , 10
588 , 9
589 , 9
589 , 8
590 , 8
590 , 9
591 , 9
591 , 8
592 , 8
593 , 8
593 , 9
593 , 10
593 , 11
592 , 11
591 , 11
591 , 12
590 , 12
589 , 12
589 , 13
588 , 13
587 , 13
586 , 13
586 , 14
585 , 14
584 , 14
583 , 14
583 , 15
582 , 15
582 , 16
581 , 16
580 , 16
579 , 16
579 , 17
578 , 17
577 , 17
576 , 17
576 , 18
575 , 18
574 , 18
573 , 18
573 , 19
572 , 19
571 , 19
571 , 20
571 , 21
570 , 21
569 , 21
569 , 22
569 , 23
569 , 24
570 , 24
570 , 23
570 , 22
572 , 20
573 , 20
574 , 20
574 , 19
575 , 19
576 , 19
577 , 18
578 , 18
580 , 17
583 , 16
584 , 15
585 , 15
586 , 15
587 , 14
588 , 14
589 , 14
590 , 13
592 , 12
594 , 11
594 , 10
594 , 9
594 , 8
595 , 8
595 , 9
595 , 10
584 , 28
583 , 28
582 , 28
581 , 28
580 , 28
579 , 28
578 , 28
577 , 28
576 , 28
576 , 27
575 , 27
574 , 27
574 , 26
573 , 26
572 , 26
571 , 26
571 , 25
570 , 25
572 , 25
575 , 26
576 , 26
577 , 26
577 , 27
578 , 27
579 , 27
580 , 27
581 , 27
582 , 27
582 , 29
582 , 30
581 , 30
581 , 31
580 , 31
579 , 31
578 , 31
577 , 31
576 , 31
575 , 31
574 , 31
574 , 32
573 , 32
572 , 32
571 , 32
570 , 32
569 , 32
568 , 32
567 , 32
566 , 32
565 , 32
565 , 33
564 , 33
563 , 33
562 , 33
561 , 33
560 , 33
559 , 33
558 , 33
557 , 33
557 , 32
558 , 32
558 , 34
557 , 34
559 , 34
560 , 34
561 , 34
562 , 34
563 , 34
564 , 34
565 , 34
566 , 34
566 , 33
567 , 33
567 , 34
568 , 33
569 , 33
570 , 33
571 , 33
572 , 33
573 , 33
574 , 33
575 , 33
575 , 32
576 , 32
577 , 32
578 , 32
579 , 32
583 , 30
583 , 29
584 , 29
584 , 30
585 , 29
559 , 18
435 , 63
435 , 64
383 , 64
383 , 63
382 , 63
381 , 63
381 , 62
380 , 62
380 , 61
379 , 61
379 , 60
378 , 60
378 , 59
380 , 60
381 , 61
382 , 62
377 , 52
376 , 52
375 , 52
379 , 139
379 , 140
379 , 141
379 , 142
379 , 143
379 , 144
379 , 145
379 , 146
378 , 149
378 , 150
378 , 151
377 , 152
377 , 153
376 , 154
375 , 155
374 , 156
373 , 156
372 , 157
371 , 157
370 , 157
369 , 157
368 , 157
367 , 157
366 , 157
365 , 157
364 , 157
363 , 157
363 , 155
362 , 155
361 , 155
360 , 154
359 , 154
357 , 153
355 , 152
354 , 152
354 , 151
354 , 150
353 , 154
353 , 155
353 , 156
354 , 157
354 , 158
354 , 159
354 , 160
355 , 161
355 , 162
355 , 163
356 , 164
356 , 165
357 , 168
357 , 169
357 , 170
357 , 171
358 , 171
358 , 172
358 , 173
358 , 174
358 , 175
358 , 176
358 , 177
358 , 178
358 , 179
358 , 180
358 , 181
358 , 182
358 , 183
358 , 184
358 , 185
358 , 186
358 , 187
358 , 188
358 , 189
358 , 190
358 , 191
358 , 192
358 , 193
358 , 194
358 , 195
358 , 196
358 , 197
358 , 198
357 , 199
357 , 200
357 , 201
357 , 202
357 , 203
356 , 205
356 , 206
356 , 207
356 , 208
349 , 216
348 , 216
347 , 216
346 , 216
346 , 215
345 , 215
344 , 214
343 , 214
342 , 214
341 , 213
340 , 213
339 , 213
338 , 213
337 , 213
337 , 212
336 , 212
335 , 212
334 , 212
333 , 212
332 , 212
332 , 211
331 , 211
330 , 211
329 , 211
328 , 211
327 , 211
327 , 210
326 , 210
325 , 210
324 , 210
323 , 210
323 , 209
322 , 209
321 , 209
320 , 209
319 , 209
318 , 209
317 , 209
316 , 209
315 , 209
314 , 209
313 , 209
312 , 209
311 , 209
310 , 209
310 , 208
309 , 208
308 , 208
307 , 208
306 , 208
305 , 208
304 , 208
303 , 208
302 , 208
301 , 208
300 , 208
299 , 208
298 , 208
297 , 208
296 , 208
295 , 208
294 , 208
293 , 208
292 , 208
291 , 208
290 , 208
289 , 208
288 , 208
287 , 208
286 , 208
285 , 208
284 , 208
283 , 208
282 , 208
281 , 208
280 , 208
279 , 208
278 , 208
277 , 208
276 , 208
275 , 208
274 , 208
273 , 208
272 , 208
271 , 208
270 , 208
270 , 207
269 , 207
268 , 207
267 , 207
266 , 207
265 , 207
264 , 207
263 , 207
262 , 207
261 , 207
260 , 207
259 , 207
258 , 207
257 , 207
256 , 207
255 , 207
255 , 206
254 , 206
253 , 206
252 , 206
252 , 205
251 , 205
250 , 205
249 , 205
248 , 205
247 , 205
246 , 205
245 , 204
244 , 204
243 , 204
242 , 204
241 , 203
240 , 203
239 , 203
239 , 202
238 , 202
237 , 201
236 , 201
236 , 200
235 , 200
240 , 202
243 , 203
244 , 203
253 , 205
256 , 206
257 , 206
258 , 206
259 , 206
260 , 206
261 , 206
262 , 206
263 , 206
264 , 206
265 , 206
266 , 206
267 , 206
268 , 206
269 , 206
270 , 206
271 , 206
271 , 207
272 , 207
273 , 207
274 , 207
275 , 207
276 , 207
277 , 207
278 , 207
279 , 207
280 , 207
281 , 207
282 , 207
283 , 207
284 , 207
285 , 207
286 , 207
287 , 207
288 , 207
289 , 207
290 , 207
291 , 207
292 , 207
293 , 207
294 , 207
295 , 207
296 , 207
297 , 207
298 , 207
299 , 207
300 , 207
301 , 207
302 , 207
303 , 207
304 , 207
305 , 207
306 , 207
307 , 207
308 , 207
309 , 207
311 , 208
312 , 208
313 , 208
314 , 208
315 , 208
318 , 208
324 , 209
328 , 210
329 , 210
330 , 210
331 , 210
333 , 211
334 , 211
335 , 211
336 , 211
338 , 212
339 , 212
340 , 212
347 , 215
349 , 217
351 , 218
351 , 238
350 , 238
349 , 238
349 , 239
348 , 239
347 , 239
346 , 239
345 , 239
344 , 239
343 , 239
343 , 240
342 , 240
341 , 240
340 , 240
339 , 240
339 , 241
338 , 241
337 , 241
337 , 242
336 , 242
335 , 242
335 , 243
334 , 243
333 , 243
332 , 243
331 , 243
331 , 244
330 , 244
329 , 244
329 , 245
328 , 245
327 , 245
326 , 245
326 , 246
325 , 246
324 , 246
324 , 247
323 , 247
322 , 247
322 , 248
321 , 248
320 , 248
320 , 249
319 , 249
318 , 249
317 , 249
317 , 250
316 , 250
315 , 250
315 , 251
314 , 251
314 , 252
313 , 252
312 , 252
312 , 253
311 , 253
310 , 253
309 , 253
309 , 254
308 , 254
307 , 254
307 , 255
306 , 255
305 , 255
305 , 256
304 , 256
303 , 257
302 , 257
301 , 257
301 , 258
300 , 258
299 , 258
298 , 258
298 , 259
297 , 259
296 , 259
296 , 260
295 , 260
294 , 260
294 , 261
293 , 261
292 , 261
292 , 262
291 , 262
290 , 262
289 , 262
289 , 263
288 , 263
287 , 263
286 , 263
286 , 264
285 , 264
284 , 264
283 , 264
282 , 264
282 , 265
281 , 265
280 , 266
279 , 266
278 , 266
277 , 266
276 , 266
275 , 266
274 , 266
274 , 267
273 , 267
272 , 267
271 , 267
270 , 267
269 , 267
268 , 267
267 , 267
266 , 267
265 , 267
264 , 267
263 , 266
262 , 266
261 , 266
260 , 266
265 , 268
266 , 268
269 , 268
270 , 268
271 , 268
272 , 268
283 , 265
284 , 265
285 , 265
287 , 264
288 , 264
290 , 263
291 , 263
295 , 261
297 , 260
298 , 260
299 , 259
300 , 259
302 , 258
306 , 256
308 , 255
309 , 255
310 , 254
311 , 254
316 , 251
317 , 251
318 , 250
319 , 250
321 , 249
325 , 247
327 , 246
328 , 246
330 , 245
332 , 244
333 , 244
338 , 242
340 , 241
341 , 241
342 , 241
344 , 240
345 , 240
346 , 240
347 , 240
352 , 238
353 , 238
354 , 238
355 , 238
356 , 238
357 , 238
364 , 259
364 , 260
363 , 260
363 , 261
362 , 261
361 , 261
361 , 262
360 , 262
359 , 262
359 , 263
358 , 263
357 , 263
357 , 264
356 , 264
356 , 265
355 , 265
355 , 266
354 , 266
354 , 267
353 , 267
352 , 267
352 , 268
351 , 268
351 , 269
350 , 269
350 , 270
349 , 270
349 , 271
348 , 271
348 , 272
347 , 272
347 , 273
346 , 273
345 , 273
345 , 274
345 , 275
344 , 275
344 , 276
343 , 276
343 , 277
342 , 277
342 , 278
341 , 278
340 , 278
340 , 279
340 , 280
339 , 280
339 , 281
338 , 281
338 , 282
337 , 282
337 , 283
336 , 283
335 , 283
335 , 284
335 , 285
334 , 285
334 , 286
333 , 286
333 , 287
332 , 287
332 , 288
331 , 288
331 , 289
330 , 289
330 , 290
329 , 290
329 , 291
328 , 291
328 , 292
327 , 292
327 , 293
326 , 293
326 , 294
325 , 294
325 , 295
324 , 295
324 , 296
323 , 296
323 , 297
322 , 297
322 , 298
321 , 298
321 , 299
320 , 299
320 , 300
319 , 300
319 , 301
318 , 301
318 , 302
317 , 302
317 , 303
316 , 303
316 , 304
315 , 304
315 , 305
314 , 305
313 , 305
313 , 306
312 , 306
312 , 307
311 , 307
311 , 308
310 , 308
309 , 309
308 , 309
308 , 310
307 , 310
306 , 310
306 , 311
305 , 311
305 , 312
304 , 312
303 , 313
302 , 313
301 , 314
300 , 314
299 , 314
299 , 315
298 , 315
297 , 316
307 , 311
313 , 307
314 , 306
323 , 298
324 , 297
325 , 296
326 , 295
327 , 294
328 , 293
329 , 292
330 , 291
331 , 290
336 , 284
341 , 279
346 , 274
358 , 264
360 , 263
365 , 260
365 , 259
368 , 290
368 , 291
367 , 292
366 , 292
366 , 293
366 , 294
365 , 294
365 , 295
365 , 296
364 , 296
364 , 297
364 , 298
363 , 298
363 , 299
362 , 299
362 , 300
362 , 301
362 , 302
361 , 302
361 , 303
361 , 304
360 , 304
360 , 305
360 , 306
359 , 306
359 , 307
359 , 308
358 , 308
358 , 309
358 , 310
357 , 310
357 , 311
357 , 312
357 , 313
356 , 313
356 , 314
356 , 315
356 , 316
355 , 316
355 , 317
354 , 317
354 , 318
354 , 319
354 , 320
353 , 320
353 , 321
353 , 322
353 , 323
352 , 323
352 , 324
352 , 325
352 , 326
351 , 326
351 , 327
351 , 328
350 , 328
350 , 329
350 , 330
350 , 331
349 , 331
349 , 332
349 , 333
349 , 334
348 , 334
348 , 335
348 , 336
348 , 337
348 , 338
348 , 339
347 , 339
347 , 340
347 , 341
347 , 342
347 , 343
346 , 343
346 , 344
346 , 345
345 , 345
345 , 346
345 , 347
345 , 348
345 , 349
345 , 350
344 , 350
344 , 351
344 , 352
344 , 353
344 , 354
344 , 355
344 , 356
344 , 357
344 , 358
344 , 359
345 , 357
345 , 356
345 , 355
345 , 354
345 , 353
345 , 352
345 , 351
346 , 349
346 , 348
346 , 347
346 , 346
348 , 341
348 , 340
349 , 337
349 , 336
349 , 335
350 , 333
350 , 332
351 , 329
353 , 325
353 , 324
354 , 322
354 , 321
355 , 319
355 , 318
357 , 314
358 , 312
358 , 311
359 , 309
362 , 303
363 , 301
363 , 300
367 , 293
373 , 330
373 , 331
373 , 332
372 , 332
372 , 333
372 , 334
371 , 334
371 , 335
371 , 336
371 , 337
370 , 337
370 , 338
370 , 339
370 , 340
370 , 341
369 , 341
369 , 342
369 , 343
369 , 344
369 , 345
369 , 346
369 , 347
369 , 348
368 , 348
368 , 349
368 , 350
368 , 351
368 , 352
368 , 353
368 , 354
368 , 355
368 , 356
368 , 357
368 , 358
368 , 359
369 , 359
369 , 358
369 , 357
369 , 356
369 , 355
369 , 354
369 , 353
369 , 352
369 , 351
369 , 350
369 , 349
370 , 342
371 , 340
371 , 339
371 , 338
372 , 336
372 , 335
369 , 360
369 , 361
369 , 362
369 , 363
369 , 364
369 , 365
370 , 365
370 , 366
370 , 367
370 , 368
370 , 369
371 , 369
371 , 368
371 , 367
371 , 366
356 , 385
355 , 385
354 , 385
354 , 384
353 , 384
353 , 383
352 , 383
352 , 382
351 , 382
350 , 382
350 , 381
349 , 381
349 , 380
348 , 380
348 , 379
347 , 379
347 , 378
346 , 378
346 , 377
345 , 377
345 , 376
344 , 376
344 , 375
343 , 375
343 , 374
342 , 374
342 , 373
341 , 373
341 , 372
340 , 372
340 , 371
340 , 370
339 , 370
339 , 369
338 , 369
338 , 368
337 , 368
337 , 367
336 , 367
335 , 367
334 , 367
333 , 367
333 , 366
333 , 365
332 , 365
332 , 364
331 , 364
330 , 364
330 , 363
329 , 363
328 , 363
327 , 363
327 , 362
326 , 362
325 , 362
324 , 362
323 , 362
323 , 361
322 , 361
321 , 361
320 , 361
320 , 360
319 , 360
318 , 360
317 , 360
316 , 360
316 , 359
315 , 359
314 , 359
313 , 359
312 , 359
311 , 359
310 , 359
310 , 358
309 , 358
308 , 358
307 , 358
306 , 358
306 , 357
305 , 357
304 , 357
303 , 357
302 , 357
302 , 356
301 , 356
301 , 355
300 , 355
299 , 355
299 , 354
298 , 354
297 , 354
297 , 353
296 , 353
295 , 353
295 , 352
294 , 352
294 , 351
293 , 351
292 , 351
292 , 350
291 , 350
290 , 350
290 , 349
289 , 349
289 , 348
288 , 348
288 , 347
288 , 346
287 , 346
287 , 345
286 , 345
286 , 344
286 , 343
285 , 343
285 , 342
285 , 341
285 , 340
285 , 339
284 , 339
284 , 338
284 , 337
284 , 336
284 , 335
284 , 334
284 , 333
284 , 332
284 , 331
284 , 330
284 , 329
284 , 328
283 , 327
282 , 327
281 , 327
280 , 327
280 , 326
279 , 326
278 , 326
277 , 326
277 , 325
276 , 325
275 , 325
274 , 325
274 , 324
273 , 324
273 , 323
272 , 323
271 , 323
270 , 323
270 , 322
269 , 322
268 , 322
268 , 321
267 , 321
266 , 321
265 , 321
265 , 320
264 , 320
263 , 320
263 , 319
262 , 319
262 , 318
261 , 318
260 , 318
260 , 317
259 , 317
259 , 316
258 , 316
258 , 315
257 , 315
257 , 314
257 , 313
256 , 313
256 , 312
255 , 312
255 , 311
255 , 310
254 , 310
254 , 309
254 , 308
254 , 307
254 , 306
255 , 306
255 , 305
255 , 304
255 , 303
255 , 302
256 , 302
256 , 301
256 , 300
256 , 299
255 , 299
255 , 298
255 , 297
255 , 296
254 , 296
254 , 295
254 , 294
253 , 294
253 , 293
253 , 292
252 , 292
252 , 291
251 , 291
250 , 291
250 , 290
250 , 289
249 , 289
249 , 288
248 , 288
248 , 287
247 , 287
246 , 287
246 , 286
246 , 285
245 , 285
244 , 285
244 , 284
243 , 284
243 , 283
242 , 283
241 , 283
241 , 282
240 , 282
240 , 281
239 , 281
239 , 280
238 , 280
238 , 279
237 , 279
236 , 279
236 , 278
236 , 277
237 , 277
237 , 278
235 , 276
235 , 275
235 , 274
234 , 274
234 , 273
233 , 273
233 , 272
233 , 271
232 , 271
232 , 270
232 , 269
232 , 268
231 , 268
231 , 267
231 , 266
231 , 265
230 , 265
230 , 264
230 , 263
230 , 262
230 , 261
230 , 260
230 , 259
230 , 258
230 , 257
230 , 256
230 , 255
230 , 254
230 , 253
231 , 253
231 , 252
231 , 251
231 , 250
231 , 249
231 , 248
231 , 247
231 , 246
231 , 245
231 , 244
231 , 243
230 , 243
230 , 242
230 , 241
229 , 241
229 , 240
229 , 239
228 , 239
228 , 238
227 , 238
227 , 237
226 , 237
225 , 237
225 , 236
224 , 236
223 , 236
223 , 235
222 , 235
222 , 234
222 , 233
222 , 232
222 , 231
221 , 231
221 , 230
221 , 229
220 , 229
220 , 228
220 , 227
220 , 226
220 , 225
221 , 225
221 , 224
221 , 223
221 , 222
222 , 222
222 , 221
222 , 220
222 , 219
223 , 219
223 , 218
223 , 217
223 , 216
223 , 215
223 , 214
222 , 214
221 , 214
221 , 213
220 , 213
219 , 213
218 , 213
218 , 212
217 , 212
216 , 212
216 , 211
215 , 211
215 , 210
214 , 210
213 , 210
213 , 209
212 , 209
211 , 209
211 , 208
210 , 208
209 , 208
209 , 207
208 , 207
207 , 207
207 , 206
206 , 206
205 , 206
205 , 205
204 , 205
203 , 205
203 , 204
202 , 204
201 , 204
201 , 203
200 , 203
199 , 203
199 , 202
198 , 202
197 , 202
197 , 201
196 , 201
195 , 201
195 , 200
194 , 200
193 , 200
193 , 199
192 , 199
191 , 199
191 , 198
190 , 198
190 , 197
189 , 197
188 , 197
188 , 196
187 , 196
187 , 195
186 , 195
185 , 195
185 , 194
184 , 194
183 , 194
183 , 193
182 , 193
181 , 193
181 , 192
180 , 192
180 , 191
179 , 191
178 , 191
178 , 190
177 , 190
176 , 190
176 , 189
175 , 189
174 , 189
174 , 188
173 , 188
172 , 188
172 , 187
171 , 187
171 , 186
170 , 186
169 , 186
169 , 185
168 , 185
167 , 185
167 , 184
166 , 184
165 , 184
164 , 184
164 , 183
163 , 183
163 , 182
162 , 182
161 , 182
161 , 181
160 , 181
159 , 181
159 , 180
158 , 180
157 , 180
156 , 180
156 , 179
155 , 179
154 , 179
154 , 178
153 , 178
153 , 177
152 , 177
151 , 177
151 , 176
150 , 176
149 , 176
148 , 176
148 , 175
147 , 175
146 , 175
146 , 174
145 , 174
144 , 174
144 , 173
143 , 173
142 , 173
142 , 172
141 , 172
140 , 172
140 , 171
139 , 171
138 , 171
137 , 171
137 , 170
136 , 170
135 , 170
134 , 170
134 , 169
133 , 169
132 , 169
132 , 168
131 , 168
130 , 168
130 , 167
129 , 167
128 , 167
128 , 166
127 , 166
126 , 166
125 , 166
125 , 165
124 , 165
123 , 165
122 , 165
122 , 164
121 , 164
120 , 164
120 , 163
119 , 163
118 , 163
118 , 162
117 , 162
116 , 162
115 , 162
114 , 162
114 , 161
113 , 161
112 , 161
111 , 161
111 , 160
110 , 160
109 , 160
108 , 160
107 , 160
107 , 159
106 , 159
105 , 159
105 , 158
104 , 158
103 , 158
102 , 158
102 , 157
101 , 157
100 , 157
99 , 157
98 , 157
98 , 156
97 , 156
96 , 156
95 , 156
94 , 156
94 , 155
93 , 155
92 , 155
91 , 155
90 , 155
90 , 154
89 , 154
88 , 154
87 , 154
87 , 153
86 , 153
85 , 153
84 , 153
83 , 153
83 , 152
82 , 152
81 , 152
80 , 152
79 , 152
78 , 152
78 , 151
77 , 151
76 , 151
75 , 151
74 , 151
74 , 150
73 , 150
72 , 150
71 , 150
70 , 150
71 , 149
72 , 149
73 , 149
74 , 149
75 , 150
76 , 150
77 , 150
78 , 150
79 , 150
79 , 151
80 , 151
81 , 151
82 , 151
83 , 151
84 , 152
85 , 152
88 , 153
89 , 153
90 , 153
91 , 154
92 , 154
93 , 154
94 , 154
95 , 155
96 , 155
97 , 155
98 , 155
99 , 156
100 , 156
101 , 156
103 , 157
104 , 157
106 , 158
107 , 158
108 , 158
108 , 159
109 , 159
110 , 159
111 , 159
112 , 160
113 , 160
114 , 160
115 , 161
116 , 161
119 , 162
121 , 163
122 , 163
123 , 164
124 , 164
125 , 164
126 , 165
127 , 165
128 , 165
129 , 166
131 , 167
132 , 167
133 , 168
134 , 168
135 , 168
135 , 169
136 , 169
137 , 169
138 , 170
139 , 170
141 , 171
143 , 172
145 , 173
146 , 173
147 , 174
148 , 174
149 , 175
150 , 175
152 , 176
154 , 177
155 , 178
156 , 178
157 , 178
157 , 179
158 , 179
159 , 179
160 , 180
162 , 181
164 , 182
165 , 182
165 , 183
166 , 183
167 , 183
168 , 184
170 , 185
172 , 186
173 , 187
174 , 187
175 , 188
176 , 188
177 , 189
178 , 189
179 , 190
181 , 191
182 , 192
183 , 192
184 , 193
185 , 193
186 , 194
188 , 195
189 , 196
191 , 197
192 , 197
192 , 198
193 , 198
194 , 199
196 , 200
198 , 201
199 , 201
200 , 202
201 , 202
202 , 203
203 , 203
204 , 204
206 , 205
208 , 206
209 , 206
210 , 207
211 , 207
212 , 208
214 , 209
216 , 210
217 , 211
218 , 211
219 , 211
219 , 210
219 , 209
218 , 209
218 , 208
217 , 208
217 , 207
217 , 206
216 , 206
216 , 205
215 , 205
215 , 204
214 , 204
214 , 203
214 , 202
214 , 201
214 , 200
214 , 199
214 , 198
214 , 197
215 , 197
215 , 196
215 , 195
215 , 194
216 , 194
216 , 193
216 , 192
217 , 192
217 , 191
217 , 190
217 , 189
218 , 189
218 , 188
218 , 187
218 , 186
218 , 185
219 , 185
219 , 184
219 , 183
219 , 182
219 , 181
218 , 181
218 , 180
218 , 179
218 , 178
218 , 177
218 , 176
219 , 176
219 , 175
219 , 174
219 , 173
219 , 172
219 , 171
219 , 170
219 , 169
219 , 168
219 , 167
219 , 166
220 , 165
220 , 164
220 , 163
220 , 162
224 , 171
219 , 177
219 , 178
219 , 179
219 , 180
220 , 181
220 , 182
220 , 183
220 , 184
220 , 185
219 , 186
219 , 187
219 , 188
219 , 189
218 , 190
218 , 191
217 , 193
216 , 195
216 , 196
216 , 197
215 , 198
215 , 199
215 , 200
215 , 201
215 , 202
215 , 203
216 , 204
218 , 207
220 , 210
220 , 211
220 , 212
219 , 212
221 , 212
221 , 211
222 , 211
222 , 212
222 , 213
223 , 213
223 , 212
224 , 212
224 , 213
224 , 214
224 , 215
224 , 216
224 , 217
224 , 218
223 , 220
223 , 221
222 , 223
221 , 226
221 , 227
221 , 228
223 , 233
223 , 234
224 , 235
226 , 236
229 , 238
230 , 240
232 , 244
232 , 245
232 , 246
232 , 247
232 , 248
232 , 249
232 , 250
231 , 254
231 , 255
231 , 256
231 , 257
231 , 258
231 , 259
231 , 260
231 , 261
231 , 262
231 , 263
231 , 264
232 , 267
233 , 269
233 , 270
234 , 272
241 , 281
242 , 282
247 , 286
251 , 290
255 , 295
256 , 297
256 , 298
256 , 303
256 , 304
256 , 305
255 , 307
255 , 308
255 , 309
256 , 311
264 , 319
265 , 319
266 , 320
267 , 320
271 , 324
275 , 324
276 , 324
278 , 325
279 , 325
281 , 326
285 , 337
285 , 338
286 , 341
286 , 342
287 , 344
290 , 348
291 , 349
296 , 352
297 , 352
298 , 353
300 , 354
303 , 356
304 , 356
307 , 357
308 , 357
309 , 357
311 , 358
312 , 358
313 , 358
314 , 358
317 , 359
318 , 359
321 , 360
324 , 361
325 , 361
326 , 361
327 , 361
328 , 362
329 , 362
330 , 362
331 , 363
332 , 363
334 , 365
334 , 366
335 , 366
336 , 366
338 , 367
339 , 368
340 , 369
341 , 370
341 , 371
342 , 372
343 , 373
344 , 374
345 , 375
346 , 376
348 , 378
349 , 379
350 , 380
351 , 381
355 , 386
356 , 386
356 , 387
357 , 387
357 , 386
358 , 387
358 , 388
357 , 388
358 , 389
359 , 389
359 , 388
360 , 389
360 , 390
361 , 390
361 , 389
362 , 389
362 , 390
362 , 391
363 , 391
363 , 390
364 , 390
364 , 391
365 , 391
365 , 390
366 , 391
366 , 392
365 , 392
367 , 392
367 , 391
368 , 391
368 , 392
368 , 393
369 , 393
369 , 392
370 , 393
370 , 394
370 , 395
370 , 396
370 , 397
370 , 398
370 , 399
370 , 400
370 , 401
370 , 402
370 , 403
369 , 403
369 , 404
369 , 405
369 , 406
369 , 407
369 , 408
369 , 409
369 , 410
369 , 411
369 , 412
369 , 413
369 , 414
369 , 415
369 , 416
369 , 417
368 , 417
368 , 418
368 , 419
368 , 420
368 , 421
368 , 422
368 , 423
368 , 424
367 , 424
367 , 425
367 , 426
367 , 427
367 , 428
367 , 429
367 , 430
367 , 431
367 , 432
366 , 432
366 , 433
366 , 434
366 , 435
366 , 436
366 , 437
366 , 438
366 , 439
366 , 440
366 , 441
365 , 441
365 , 442
365 , 443
365 , 444
365 , 445
365 , 446
365 , 447
365 , 448
365 , 449
365 , 450
365 , 451
365 , 452
365 , 453
365 , 454
364 , 454
364 , 455
364 , 456
364 , 457
364 , 458
364 , 459
364 , 460
364 , 461
364 , 462
364 , 463
364 , 464
364 , 465
364 , 466
363 , 466
363 , 467
363 , 468
363 , 469
363 , 470
363 , 471
363 , 472
363 , 473
363 , 474
363 , 475
363 , 476
363 , 477
363 , 478
363 , 479
363 , 480
363 , 481
363 , 482
363 , 483
363 , 484
363 , 485
363 , 486
363 , 487
363 , 488
363 , 489
363 , 490
363 , 491
363 , 492
363 , 493
363 , 494
363 , 495
363 , 496
363 , 497
363 , 498
363 , 499
363 , 500
363 , 501
363 , 502
363 , 503
363 , 504
363 , 505
363 , 506
363 , 507
363 , 508
364 , 508
364 , 507
364 , 506
364 , 505
364 , 504
364 , 503
364 , 502
364 , 501
364 , 500
364 , 499
364 , 498
364 , 497
364 , 496
364 , 495
364 , 494
364 , 493
364 , 492
364 , 491
364 , 490
364 , 489
364 , 488
364 , 487
364 , 486
364 , 485
364 , 484
364 , 483
364 , 482
364 , 481
364 , 480
364 , 479
364 , 478
364 , 477
364 , 476
364 , 475
364 , 474
364 , 473
364 , 472
364 , 471
364 , 470
364 , 469
364 , 468
364 , 467
365 , 466
365 , 465
365 , 464
365 , 463
365 , 462
365 , 461
365 , 460
365 , 459
365 , 458
365 , 457
365 , 456
365 , 455
366 , 451
366 , 450
366 , 449
366 , 448
366 , 447
366 , 446
366 , 445
366 , 444
366 , 443
366 , 442
367 , 442
367 , 441
367 , 440
367 , 439
367 , 438
367 , 437
367 , 436
367 , 435
367 , 434
367 , 433
368 , 433
368 , 432
368 , 431
368 , 430
368 , 429
368 , 428
368 , 427
368 , 426
368 , 425
369 , 425
369 , 424
369 , 423
369 , 422
369 , 421
369 , 420
369 , 419
369 , 418
370 , 413
370 , 412
370 , 411
370 , 410
370 , 409
370 , 408
370 , 407
370 , 406
370 , 405
370 , 404
371 , 404
371 , 403
371 , 402
371 , 401
371 , 400
371 , 399
371 , 398
371 , 397
371 , 396
371 , 395
371 , 394
371 , 393
372 , 393
373 , 393
374 , 393
375 , 393
376 , 393
376 , 394
377 , 394
377 , 393
378 , 393
378 , 394
379 , 394
379 , 393
380 , 393
380 , 394
381 , 394
381 , 393
382 , 393
382 , 394
383 , 394
383 , 393
384 , 393
384 , 394
385 , 394
385 , 393
386 , 393
386 , 394
387 , 394
387 , 393
388 , 393
388 , 394
389 , 394
389 , 393
390 , 393
391 , 393
392 , 393
392 , 392
393 , 392
393 , 393
394 , 393
394 , 392
395 , 392
395 , 391
396 , 391
396 , 392
397 , 392
397 , 391
398 , 391
398 , 392
399 , 392
399 , 391
400 , 391
400 , 392
401 , 392
401 , 391
402 , 391
402 , 390
403 , 391
403 , 392
402 , 392
404 , 392
404 , 391
405 , 392
405 , 393
404 , 393
406 , 393
406 , 392
407 , 393
407 , 394
408 , 394
408 , 393
409 , 393
409 , 394
409 , 395
410 , 395
410 , 394
411 , 394
411 , 395
412 , 395
412 , 394
413 , 394
413 , 395
414 , 395
414 , 394
415 , 394
415 , 395
415 , 396
416 , 396
416 , 395
416 , 394
417 , 394
417 , 395
417 , 396
418 , 396
418 , 395
419 , 395
419 , 396
420 , 396
420 , 395
421 , 395
421 , 396
422 , 396
422 , 395
422 , 394
423 , 394
423 , 395
423 , 396
424 , 395
424 , 394
425 , 394
425 , 395
426 , 395
426 , 394
427 , 394
427 , 395
428 , 395
428 , 394
429 , 394
429 , 395
430 , 395
430 , 394
431 , 394
431 , 395
432 , 395
432 , 394
433 , 394
433 , 395
434 , 395
434 , 394
434 , 393
435 , 393
435 , 394
436 , 394
436 , 393
437 , 393
437 , 394
438 , 394
438 , 393
439 , 393
440 , 393
440 , 392
441 , 392
441 , 391
442 , 391
442 , 392
443 , 392
443 , 391
444 , 391
444 , 390
445 , 390
445 , 391
446 , 391
446 , 390
447 , 390
447 , 389
448 , 389
448 , 390
448 , 391
447 , 391
449 , 391
449 , 390
450 , 390
450 , 391
451 , 391
451 , 390
452 , 390
452 , 391
453 , 391
453 , 390
454 , 391
454 , 392
453 , 392
455 , 392
455 , 391
456 , 391
456 , 392
457 , 392
458 , 392
458 , 393
459 , 393
459 , 392
459 , 391
459 , 390
459 , 389
458 , 389
458 , 388
457 , 388
456 , 388
456 , 387
455 , 387
455 , 386
454 , 386
454 , 385
453 , 385
453 , 384
452 , 384
452 , 383
452 , 382
451 , 382
451 , 381
450 , 381
450 , 380
450 , 379
449 , 379
449 , 378
448 , 378
448 , 377
448 , 376
447 , 376
447 , 375
447 , 374
446 , 374
446 , 373
446 , 372
446 , 371
445 , 371
445 , 370
445 , 369
444 , 369
444 , 368
444 , 367
443 , 367
443 , 366
443 , 365
442 , 365
442 , 364
442 , 363
442 , 362
441 , 362
441 , 361
441 , 360
441 , 359
440 , 359
440 , 358
440 , 357
439 , 357
439 , 356
439 , 355
439 , 354
438 , 354
438 , 353
438 , 352
437 , 352
437 , 351
437 , 350
437 , 349
437 , 348
436 , 348
436 , 347
436 , 346
435 , 346
435 , 345
435 , 344
434 , 344
434 , 343
434 , 342
434 , 341
433 , 341
433 , 340
433 , 339
433 , 338
432 , 338
432 , 337
432 , 336
432 , 335
431 , 335
431 , 334
431 , 333
430 , 333
430 , 332
430 , 331
429 , 331
429 , 330
429 , 329
429 , 328
428 , 328
428 , 327
428 , 326
428 , 325
427 , 325
427 , 324
427 , 323
427 , 322
426 , 322
426 , 321
425 , 321
425 , 320
425 , 319
425 , 318
424 , 318
424 , 317
424 , 316
424 , 315
423 , 315
423 , 314
423 , 313
423 , 312
422 , 312
422 , 311
421 , 311
421 , 310
421 , 309
421 , 308
420 , 308
420 , 307
420 , 306
419 , 306
419 , 305
419 , 304
419 , 303
418 , 303
418 , 302
418 , 301
417 , 301
417 , 300
417 , 299
416 , 299
416 , 298
416 , 297
415 , 297
415 , 296
415 , 295
415 , 294
414 , 294
414 , 293
414 , 292
413 , 292
413 , 291
412 , 291
412 , 290
412 , 289
412 , 288
411 , 288
411 , 287
411 , 286
410 , 286
410 , 285
410 , 284
409 , 284
409 , 283
408 , 283
408 , 282
408 , 281
407 , 281
407 , 280
407 , 279
406 , 279
406 , 278
406 , 277
405 , 277
405 , 276
405 , 275
404 , 274
403 , 274
403 , 273
403 , 272
402 , 272
402 , 271
402 , 270
401 , 270
401 , 269
401 , 268
400 , 268
400 , 267
403 , 271
404 , 273
407 , 277
407 , 278
408 , 279
408 , 280
409 , 282
411 , 285
412 , 287
413 , 289
413 , 290
414 , 291
415 , 293
416 , 295
416 , 296
417 , 297
417 , 298
418 , 300
419 , 302
420 , 304
420 , 305
421 , 306
421 , 307
422 , 308
422 , 309
422 , 310
423 , 311
424 , 314
425 , 315
425 , 316
425 , 317
426 , 318
426 , 319
426 , 320
427 , 321
428 , 323
428 , 324
429 , 326
429 , 327
430 , 328
430 , 329
430 , 330
431 , 331
431 , 332
432 , 334
433 , 336
433 , 337
434 , 338
434 , 339
434 , 340
435 , 341
435 , 342
435 , 343
436 , 344
436 , 345
437 , 347
438 , 349
438 , 350
438 , 351
439 , 351
439 , 352
439 , 353
440 , 354
440 , 355
440 , 356
441 , 357
441 , 358
442 , 360
442 , 361
443 , 361
443 , 362
443 , 363
443 , 364
444 , 364
444 , 365
444 , 366
445 , 367
445 , 368
446 , 370
447 , 372
447 , 373
448 , 374
448 , 375
449 , 376
449 , 377
450 , 378
451 , 380
452 , 381
453 , 382
453 , 383
454 , 384
455 , 385
456 , 386
457 , 387
460 , 390
460 , 391
460 , 392
460 , 393
461 , 393
461 , 392
461 , 391
461 , 390
462 , 391
462 , 392
462 , 393
463 , 393
463 , 392
464 , 392
464 , 393
464 , 394
465 , 394
465 , 393
466 , 393
466 , 394
444 , 392
441 , 393
426 , 374
425 , 374
424 , 374
424 , 373
423 , 373
422 , 373
422 , 372
421 , 372
420 , 372
420 , 371
419 , 371
419 , 370
418 , 370
418 , 369
417 , 369
417 , 368
416 , 368
415 , 368
415 , 367
415 , 366
414 , 366
414 , 365
413 , 365
413 , 364
412 , 364
412 , 363
412 , 362
411 , 362
411 , 361
411 , 360
411 , 359
410 , 359
410 , 358
410 , 357
410 , 356
409 , 356
409 , 355
409 , 354
409 , 353
409 , 352
409 , 351
409 , 350
411 , 358
412 , 360
412 , 361
413 , 363
414 , 364
415 , 365
416 , 367
421 , 371
423 , 372
395 , 393
336 , 393
335 , 393
335 , 392
335 , 391
335 , 390
335 , 389
335 , 388
335 , 387
335 , 386
335 , 385
335 , 384
334 , 384
334 , 383
334 , 382
334 , 381
334 , 380
334 , 379
334 , 378
334 , 377
334 , 376
334 , 375
334 , 374
334 , 373
334 , 372
334 , 371
334 , 370
333 , 370
333 , 369
333 , 368
334 , 368
334 , 369
335 , 371
335 , 372
335 , 373
335 , 374
335 , 375
335 , 376
335 , 377
335 , 378
335 , 379
335 , 380
335 , 381
335 , 382
335 , 383
336 , 383
336 , 382
336 , 384
336 , 385
336 , 386
336 , 387
336 , 388
336 , 389
336 , 390
336 , 391
336 , 392
336 , 394
335 , 394
335 , 395
335 , 396
335 , 397
335 , 398
335 , 399
335 , 400
335 , 401
335 , 402
335 , 403
335 , 404
335 , 405
335 , 406
335 , 407
335 , 408
335 , 409
335 , 410
335 , 411
335 , 412
335 , 413
335 , 414
334 , 414
334 , 415
334 , 416
334 , 417
334 , 418
334 , 419
334 , 420
334 , 421
334 , 422
334 , 423
333 , 423
333 , 424
333 , 425
333 , 426
333 , 427
333 , 428
333 , 429
332 , 429
332 , 430
332 , 431
332 , 432
332 , 433
331 , 433
331 , 434
331 , 435
331 , 436
331 , 437
331 , 438
331 , 439
331 , 440
330 , 440
330 , 441
330 , 442
330 , 443
330 , 444
330 , 445
330 , 446
330 , 447
330 , 448
330 , 449
330 , 450
329 , 450
329 , 451
329 , 452
329 , 453
329 , 454
329 , 455
329 , 456
329 , 457
329 , 458
329 , 459
329 , 460
329 , 461
329 , 462
329 , 463
329 , 464
329 , 465
329 , 466
329 , 467
329 , 468
330 , 468
330 , 467
330 , 466
330 , 465
330 , 464
330 , 463
330 , 462
330 , 461
330 , 460
330 , 459
330 , 458
330 , 457
330 , 456
330 , 455
330 , 454
330 , 453
330 , 452
330 , 451
331 , 451
331 , 450
331 , 449
331 , 448
331 , 447
331 , 446
331 , 445
331 , 444
331 , 443
331 , 442
331 , 441
332 , 441
332 , 440
332 , 439
332 , 438
332 , 437
332 , 436
332 , 435
332 , 434
333 , 433
333 , 432
333 , 431
333 , 430
334 , 427
334 , 426
334 , 425
334 , 424
335 , 423
335 , 422
335 , 421
335 , 420
335 , 419
335 , 418
335 , 417
335 , 416
335 , 415
336 , 415
336 , 414
336 , 413
336 , 412
336 , 411
336 , 410
336 , 409
336 , 408
336 , 407
336 , 406
336 , 405
336 , 404
336 , 403
336 , 402
336 , 401
336 , 400
336 , 399
336 , 398
336 , 397
336 , 396
336 , 395
331 , 467
331 , 468
331 , 469
330 , 469
330 , 470
330 , 471
330 , 472
330 , 473
330 , 474
330 , 475
330 , 476
331 , 476
331 , 475
331 , 474
331 , 473
331 , 472
331 , 471
331 , 470
332 , 476
332 , 477
331 , 477
331 , 478
331 , 479
331 , 480
331 , 481
331 , 482
332 , 482
332 , 481
332 , 480
332 , 479
332 , 478
333 , 482
333 , 483
332 , 483
332 , 484
333 , 484
333 , 485
333 , 486
333 , 487
333 , 488
334 , 488
334 , 487
334 , 486
334 , 489
334 , 490
334 , 491
334 , 492
335 , 492
335 , 491
335 , 490
335 , 489
336 , 491
336 , 492
336 , 493
335 , 493
335 , 494
335 , 495
336 , 495
336 , 494
337 , 495
337 , 496
336 , 496
336 , 497
336 , 498
336 , 499
337 , 499
337 , 498
337 , 497
338 , 499
338 , 500
337 , 500
337 , 501
338 , 501
338 , 502
338 , 503
338 , 504
338 , 505
339 , 505
339 , 504
339 , 503
339 , 502
340 , 505
340 , 506
339 , 506
339 , 507
339 , 508
339 , 509
340 , 509
340 , 508
340 , 507
341 , 508
341 , 509
341 , 510
340 , 510
340 , 511
340 , 512
341 , 512
341 , 511
342 , 512
342 , 513
341 , 513
341 , 514
341 , 515
342 , 515
342 , 514
342 , 516
342 , 517
342 , 518
343 , 518
343 , 517
343 , 516
343 , 519
343 , 520
343 , 521
343 , 522
343 , 523
344 , 523
344 , 522
344 , 521
344 , 520
344 , 519
345 , 522
345 , 523
345 , 524
344 , 524
344 , 525
344 , 526
344 , 527
345 , 527
345 , 526
345 , 525
346 , 527
346 , 528
345 , 528
345 , 529
345 , 530
345 , 531
345 , 532
346 , 532
346 , 531
346 , 530
346 , 529
347 , 532
347 , 533
346 , 533
346 , 534
346 , 535
347 , 535
347 , 534
347 , 536
347 , 537
347 , 538
347 , 539
347 , 540
348 , 540
348 , 539
348 , 538
348 , 537
348 , 536
349 , 540
349 , 541
348 , 541
348 , 542
348 , 543
348 , 544
348 , 545
348 , 546
348 , 547
348 , 548
348 , 549
349 , 549
349 , 548
349 , 547
349 , 546
349 , 545
349 , 544
349 , 543
349 , 542
350 , 547
350 , 548
350 , 549
350 , 550
349 , 550
349 , 551
349 , 552
349 , 553
349 , 554
349 , 555
349 , 556
349 , 557
348 , 557
348 , 558
348 , 559
348 , 560
348 , 561
348 , 562
347 , 562
347 , 563
348 , 563
348 , 564
348 , 565
348 , 566
348 , 567
349 , 567
349 , 566
349 , 568
349 , 569
349 , 570
350 , 570
350 , 569
350 , 568
350 , 571
350 , 572
351 , 572
351 , 571
351 , 573
351 , 574
352 , 574
352 , 575
352 , 576
352 , 577
353 , 577
353 , 576
353 , 575
353 , 578
353 , 579
353 , 580
354 , 580
354 , 579
354 , 578
355 , 580
355 , 581
354 , 581
354 , 582
355 , 582
355 , 583
355 , 584
356 , 584
356 , 583
356 , 585
356 , 586
357 , 586
357 , 585
357 , 587
357 , 588
357 , 589
358 , 589
358 , 588
358 , 587
359 , 589
359 , 590
358 , 590
358 , 591
359 , 591
359 , 592
359 , 593
360 , 593
360 , 592
360 , 594
360 , 595
361 , 595
361 , 594
362 , 595
362 , 596
361 , 596
361 , 597
362 , 597
362 , 598
362 , 599
363 , 599
363 , 598
363 , 597
364 , 599
364 , 600
363 , 600
363 , 601
364 , 601
364 , 602
365 , 602
365 , 601
365 , 603
365 , 604
366 , 604
366 , 603
367 , 604
367 , 605
366 , 605
366 , 606
367 , 606
367 , 607
367 , 608
368 , 608
368 , 607
368 , 606
369 , 607
369 , 608
369 , 609
368 , 609
369 , 610
370 , 610
370 , 609
371 , 610
371 , 611
370 , 611
370 , 612
371 , 612
371 , 613
372 , 613
372 , 612
372 , 611
373 , 613
373 , 614
372 , 614
374 , 614
374 , 615
375 , 615
375 , 614
375 , 613
376 , 613
376 , 612
376 , 611
376 , 610
376 , 609
376 , 608
376 , 607
376 , 606
377 , 606
377 , 605
377 , 604
377 , 603
377 , 602
377 , 601
378 , 601
378 , 600
378 , 599
378 , 598
378 , 597
378 , 596
378 , 595
378 , 594
378 , 593
378 , 592
378 , 591
378 , 590
378 , 589
378 , 588
378 , 587
378 , 586
378 , 585
378 , 584
378 , 583
378 , 582
378 , 581
378 , 580
378 , 579
378 , 578
378 , 577
378 , 576
377 , 576
377 , 575
377 , 574
377 , 573
377 , 572
376 , 572
376 , 571
376 , 570
376 , 569
376 , 568
376 , 567
376 , 566
375 , 566
375 , 565
375 , 564
375 , 563
375 , 562
375 , 561
374 , 561
374 , 560
374 , 559
374 , 558
374 , 557
374 , 556
373 , 556
373 , 555
372 , 555
371 , 555
370 , 555
369 , 555
368 , 555
367 , 555
366 , 555
365 , 555
364 , 555
363 , 555
362 , 555
361 , 555
360 , 555
359 , 555
358 , 555
357 , 555
357 , 556
356 , 556
355 , 556
354 , 556
353 , 556
353 , 557
352 , 557
350 , 557
350 , 556
350 , 555
350 , 554
350 , 553
350 , 552
350 , 551
351 , 548
352 , 548
353 , 548
353 , 549
354 , 549
354 , 548
355 , 548
355 , 549
356 , 549
356 , 548
357 , 549
357 , 550
358 , 550
358 , 549
359 , 549
359 , 550
360 , 550
360 , 549
361 , 549
361 , 550
362 , 549
363 , 549
364 , 549
365 , 549
366 , 549
367 , 549
368 , 549
370 , 547
370 , 546
370 , 545
370 , 544
370 , 543
370 , 542
369 , 542
369 , 541
369 , 540
369 , 539
369 , 538
368 , 538
368 , 537
368 , 536
368 , 535
367 , 535
367 , 534
367 , 533
367 , 532
367 , 531
367 , 530
366 , 530
366 , 529
366 , 528
366 , 527
366 , 526
366 , 525
366 , 524
365 , 524
365 , 523
365 , 522
365 , 521
365 , 520
365 , 519
365 , 518
365 , 517
365 , 516
365 , 515
364 , 515
364 , 514
364 , 513
364 , 512
364 , 511
364 , 510
364 , 509
365 , 509
365 , 510
365 , 511
365 , 512
365 , 513
365 , 514
366 , 518
366 , 519
366 , 520
366 , 521
366 , 522
366 , 523
367 , 523
367 , 524
367 , 525
367 , 526
367 , 527
367 , 528
367 , 529
368 , 529
368 , 530
368 , 531
368 , 532
368 , 533
368 , 534
369 , 535
369 , 536
369 , 537
370 , 540
370 , 541
371 , 542
371 , 543
371 , 544
371 , 545
371 , 546
371 , 547
371 , 548
371 , 549
371 , 550
372 , 550
372 , 549
372 , 548
372 , 547
372 , 546
373 , 550
373 , 551
372 , 551
372 , 552
372 , 553
372 , 554
371 , 554
370 , 554
369 , 554
368 , 554
368 , 553
367 , 553
366 , 553
365 , 552
364 , 552
363 , 552
362 , 552
362 , 556
361 , 556
360 , 556
359 , 556
358 , 556
357 , 557
356 , 557
355 , 557
354 , 557
350 , 558
349 , 558
349 , 559
349 , 560
349 , 561
349 , 562
349 , 563
345 , 564
344 , 564
344 , 565
343 , 565
343 , 566
342 , 566
342 , 567
341 , 567
340 , 567
340 , 568
340 , 569
339 , 569
339 , 570
339 , 571
338 , 571
338 , 572
338 , 573
338 , 574
338 , 575
338 , 576
338 , 577
338 , 578
338 , 579
339 , 579
339 , 578
340 , 579
340 , 580
339 , 580
339 , 581
340 , 581
340 , 582
341 , 582
341 , 581
342 , 582
342 , 583
341 , 583
342 , 584
343 , 584
343 , 583
344 , 584
344 , 585
343 , 585
344 , 586
345 , 586
345 , 585
346 , 586
346 , 587
345 , 587
346 , 588
347 , 588
347 , 587
348 , 588
348 , 589
347 , 589
348 , 590
349 , 590
349 , 589
350 , 590
350 , 591
349 , 591
350 , 592
350 , 593
351 , 593
351 , 592
352 , 593
352 , 594
351 , 594
352 , 595
352 , 596
353 , 596
353 , 595
353 , 594
354 , 596
354 , 597
353 , 597
353 , 598
354 , 598
354 , 599
354 , 600
355 , 600
355 , 599
355 , 598
356 , 600
356 , 601
355 , 601
356 , 602
356 , 603
356 , 604
357 , 604
357 , 603
357 , 605
357 , 606
357 , 607
357 , 608
357 , 609
358 , 609
358 , 608
358 , 607
358 , 606
358 , 610
358 , 611
358 , 612
358 , 613
358 , 614
358 , 615
359 , 615
359 , 614
359 , 613
359 , 612
359 , 611
359 , 610
359 , 616
359 , 617
360 , 617
360 , 618
360 , 619
360 , 620
360 , 621
360 , 622
360 , 623
360 , 624
360 , 625
361 , 625
361 , 624
361 , 626
361 , 627
361 , 628
361 , 629
361 , 630
361 , 631
361 , 632
362 , 632
362 , 631
362 , 630
362 , 629
362 , 628
362 , 627
362 , 633
362 , 634
362 , 635
362 , 636
362 , 637
363 , 637
363 , 636
363 , 635
363 , 634
363 , 638
363 , 639
363 , 640
364 , 640
364 , 639
364 , 638
365 , 641
365 , 642
366 , 642
366 , 641
367 , 641
367 , 642
368 , 642
369 , 642
370 , 642
370 , 641
371 , 641
371 , 642
372 , 642
372 , 641
373 , 641
373 , 640
373 , 639
374 , 639
374 , 638
374 , 637
374 , 636
375 , 636
375 , 635
375 , 634
375 , 633
375 , 632
375 , 631
375 , 630
375 , 629
375 , 628
375 , 627
375 , 626
375 , 625
375 , 624
375 , 623
375 , 622
375 , 621
375 , 620
375 , 619
375 , 618
375 , 617
375 , 616
376 , 616
376 , 615
376 , 614
377 , 612
377 , 611
377 , 610
377 , 609
377 , 608
377 , 607
378 , 606
378 , 605
378 , 604
378 , 603
378 , 602
379 , 598
379 , 597
379 , 596
379 , 595
379 , 594
379 , 593
379 , 592
379 , 591
379 , 590
379 , 589
379 , 588
379 , 587
379 , 586
379 , 585
379 , 584
379 , 583
379 , 582
379 , 581
379 , 580
378 , 575
378 , 574
378 , 573
378 , 572
377 , 571
377 , 570
377 , 569
377 , 568
377 , 567
377 , 566
376 , 565
376 , 564
376 , 563
376 , 562
376 , 561
375 , 560
375 , 559
375 , 558
374 , 555
373 , 554
373 , 553
373 , 552
370 , 553
369 , 553
368 , 556
367 , 556
366 , 556
365 , 556
364 , 556
363 , 556
345 , 565
341 , 568
340 , 570
345 , 571
347 , 596
376 , 617
376 , 618
376 , 619
376 , 620
376 , 621
376 , 622
376 , 623
376 , 624
376 , 625
376 , 626
376 , 627
376 , 628
376 , 629
376 , 630
376 , 631
376 , 632
376 , 633
376 , 634
376 , 635
376 , 636
375 , 637
375 , 638
375 , 639
374 , 640
426 , 215
426 , 160
364 , 155
225 , 212
225 , 213
225 , 214
225 , 215
84 , 136
83 , 136
83 , 137
82 , 137
82 , 138
81 , 138
81 , 139
80 , 139
80 , 140
79 , 134
74 , 128
73 , 128
72 , 128
71 , 128
70 , 128
69 , 128
68 , 128
67 , 128
66 , 128
65 , 128
64 , 128
63 , 128
62 , 128
61 , 128
60 , 128
59 , 128
58 , 128
57 , 128
56 , 128
55 , 128
54 , 128
53 , 128
52 , 128
51 , 128
50 , 128
49 , 128
48 , 128
47 , 128
46 , 128
45 , 128
44 , 128
43 , 128
42 , 128
41 , 128
40 , 128
39 , 128
38 , 128
37 , 128
36 , 128
35 , 128
34 , 128
33 , 128
33 , 129
32 , 129
31 , 129
30 , 129
29 , 129
28 , 129
28 , 130
27 , 130
26 , 130
25 , 130
24 , 130
24 , 131
24 , 132
25 , 131
26 , 131
27 , 131
29 , 130
30 , 130
31 , 130
34 , 129
35 , 129
36 , 129
37 , 129
38 , 129
39 , 129
40 , 129
41 , 129
42 , 129
43 , 129
43 , 127
42 , 127
41 , 127
44 , 127
45 , 127
46 , 127
47 , 127
48 , 127
49 , 127
50 , 127
51 , 127
52 , 127
53 , 127
54 , 127
55 , 127
56 , 127
57 , 127
58 , 127
59 , 127
60 , 127
61 , 127
62 , 127
63 , 127
64 , 127
65 , 127
66 , 127
67 , 127
68 , 127
69 , 127
70 , 127
71 , 127
72 , 127
76 , 124
76 , 123
76 , 122
76 , 121
75 , 121
75 , 120
75 , 119
74 , 119
74 , 118
73 , 118
73 , 117
72 , 117
71 , 117
71 , 116
70 , 116
70 , 115
69 , 115
68 , 115
67 , 115
66 , 115
65 , 115
64 , 115
64 , 116
63 , 116
62 , 116
61 , 116
60 , 116
60 , 117
59 , 117
58 , 117
57 , 117
57 , 118
56 , 118
55 , 118
54 , 118
54 , 119
53 , 119
52 , 119
52 , 120
51 , 120
50 , 120
49 , 120
48 , 120
47 , 120
46 , 120
46 , 121
45 , 121
44 , 121
43 , 121
42 , 121
41 , 121
40 , 121
39 , 121
38 , 121
37 , 121
36 , 121
36 , 120
35 , 120
34 , 120
33 , 120
32 , 120
31 , 120
30 , 120
30 , 119
29 , 119
28 , 119
27 , 119
26 , 119
25 , 119
25 , 118
24 , 118
23 , 118
22 , 118
21 , 118
21 , 117
20 , 117
19 , 117
18 , 117
17 , 117
17 , 116
16 , 116
15 , 116
15 , 115
14 , 115
13 , 115
12 , 115
11 , 115
10 , 115
10 , 114
9 , 114
8 , 114
7 , 114
6 , 114
5 , 114
4 , 114
3 , 114
2 , 114
2 , 115
1 , 115
1 , 116
1 , 117
3 , 113
4 , 113
5 , 113
6 , 113
7 , 113
8 , 113
18 , 116
19 , 116
20 , 116
22 , 117
23 , 117
24 , 117
26 , 118
27 , 118
28 , 118
31 , 119
37 , 120
38 , 120
39 , 120
39 , 122
40 , 122
41 , 122
42 , 122
43 , 122
44 , 122
45 , 122
46 , 122
47 , 121
48 , 121
49 , 121
50 , 121
53 , 120
54 , 120
55 , 119
56 , 119
57 , 119
58 , 118
59 , 118
60 , 118
61 , 117
62 , 117
63 , 117
65 , 116
72 , 116
76 , 120
77 , 122
77 , 123
77 , 124
77 , 125