0 , 580
1 , 580
2 , 580
3 , 580
4 , 580
6 , 577
7 , 577
8 , 577
9 , 578
11 , 576
12 , 575
13 , 576
14 , 573
15 , 573
16 , 575
18 , 572
19 , 571
21 , 571
23 , 570
24 , 571
25 , 571
26 , 571
28 , 569
30 , 569
31 , 568
32 , 568
33 , 568
34 , 568
35 , 568
37 , 570
39 , 571
40 , 569
41 , 569
42 , 569
43 , 571
44 , 572
45 , 574
46 , 575
47 , 575
48 , 574
49 , 577
50 , 578
51 , 579
52 , 580
53 , 581
54 , 583
52 , 584
53 , 585
54 , 587
55 , 586
55 , 590
56 , 590
57 , 590
59 , 591
58 , 593
60 , 594
61 , 592
63 , 594
65 , 596
66 , 595
67 , 594
68 , 593
69 , 593
70 , 592
71 , 592
69 , 589
70 , 588
71 , 588
72 , 586
71 , 584
70 , 584
72 , 582
71 , 580
70 , 580
72 , 578
71 , 576
70 , 576
72 , 574
71 , 572
70 , 572
70 , 568
71 , 568
70 , 564
69 , 562
68 , 562
67 , 562
66 , 564
65 , 564
64 , 567
65 , 568
63 , 570
62 , 570
61 , 572
60 , 574
62 , 574
64 , 571
57 , 574
56 , 575
55 , 574
54 , 572
53 , 570
52 , 569
54 , 568
53 , 566
52 , 565
54 , 564
53 , 562
52 , 561
54 , 560
53 , 558
54 , 556
55 , 555
53 , 554
54 , 552
55 , 551
53 , 550
54 , 548
55 , 547
56 , 546
54 , 544
55 , 543
56 , 542
54 , 540
55 , 539
56 , 538
55 , 535
56 , 534
57 , 534
55 , 531
56 , 530
57 , 530
55 , 527
56 , 526
57 , 526
55 , 523
56 , 522
57 , 522
55 , 519
56 , 518
55 , 515
54 , 515
56 , 514
55 , 511
54 , 511
56 , 510
55 , 507
54 , 507
56 , 506
55 , 503
54 , 503
56 , 502
57 , 500
55 , 499
56 , 498
57 , 496
55 , 495
56 , 494
58 , 494
57 , 492
58 , 490
59 , 490
57 , 488
58 , 486
59 , 486
60 , 486
60 , 482
59 , 482
61 , 482
61 , 478
62 , 478
63 , 478
64 , 475
63 , 474
64 , 471
65 , 471
66 , 471
67 , 468
66 , 467
65 , 467
67 , 464
66 , 463
65 , 463
68 , 462
67 , 460
66 , 459
68 , 458
67 , 456
66 , 455
68 , 454
67 , 452
66 , 451
68 , 450
67 , 448
66 , 447
65 , 444
66 , 443
67 , 444
65 , 440
66 , 439
64 , 438
65 , 436
66 , 435
64 , 434
63 , 434
65 , 432
64 , 430
63 , 430
62 , 431
62 , 427
61 , 426
60 , 425
62 , 423
61 , 422
60 , 421
59 , 420
58 , 419
57 , 416
56 , 416
58 , 415
59 , 416
57 , 412
56 , 412
55 , 411
54 , 410
53 , 407
54 , 406
55 , 407
52 , 405
53 , 403
52 , 401
51 , 399
50 , 399
49 , 399
48 , 397
49 , 395
50 , 395
51 , 393
52 , 394
54 , 393
55 , 392
57 , 392
58 , 393
59 , 393
61 , 393
62 , 391
63 , 392
65 , 391
66 , 391
67 , 390
70 , 391
72 , 390
74 , 389
75 , 389
76 , 389
77 , 388
79 , 387
80 , 387
82 , 387
83 , 386
85 , 384
86 , 386
87 , 385
88 , 385
88 , 389
87 , 391
89 , 391
88 , 393
87 , 395
88 , 397
89 , 398
87 , 399
88 , 401
89 , 402
90 , 402
88 , 405
89 , 406
90 , 406
90 , 410
89 , 410
91 , 410
91 , 414
90 , 414
92 , 417
91 , 418
90 , 418
92 , 421
93 , 421
91 , 422
92 , 425
93 , 425
94 , 427
93 , 429
92 , 429
94 , 431
95 , 431
93 , 433
94 , 435
95 , 435
95 , 439
94 , 439
96 , 440
95 , 443
94 , 443
96 , 444
95 , 447
96 , 448
95 , 451
96 , 452
95 , 455
96 , 456
99 , 456
100 , 455
100 , 451
101 , 451
101 , 447
100 , 447
102 , 444
101 , 443
100 , 443
102 , 440
101 , 439
102 , 436
101 , 435
103 , 435
102 , 432
101 , 431
103 , 431
104 , 430
102 , 428
103 , 427
104 , 426
102 , 424
103 , 423
104 , 422
105 , 422
103 , 419
104 , 418
105 , 418
106 , 416
105 , 414
104 , 414
106 , 412
105 , 410
106 , 408
107 , 409
105 , 406
106 , 404
107 , 405
108 , 402
107 , 401
106 , 400
108 , 398
107 , 397
109 , 395
108 , 394
107 , 393
109 , 391
108 , 390
106 , 388
104 , 389
103 , 388
102 , 387
99 , 390
98 , 390
97 , 389
96 , 390
94 , 390
93 , 389
91 , 390
92 , 391
84 , 393
81 , 393
78 , 394
77 , 395
73 , 394
71 , 395
69 , 395
68 , 397
67 , 397
64 , 396
60 , 398
56 , 399
53 , 399
48 , 393
49 , 391
48 , 389
47 , 389
49 , 387
48 , 385
47 , 385
46 , 386
46 , 382
45 , 382
47 , 381
46 , 378
45 , 378
44 , 379
44 , 375
43 , 375
42 , 372
43 , 371
41 , 370
39 , 368
40 , 367
41 , 366
39 , 364
37 , 363
36 , 362
38 , 362
37 , 359
36 , 358
35 , 356
36 , 354
34 , 353
35 , 352
33 , 350
34 , 349
33 , 346
32 , 345
34 , 345
33 , 342
32 , 341
34 , 341
33 , 338
33 , 334
34 , 333
35 , 334
37 , 333
38 , 332
39 , 332
40 , 332
42 , 331
41 , 329
43 , 327
44 , 328
45 , 328
46 , 324
47 , 324
48 , 324
50 , 322
49 , 321
50 , 318
51 , 318
52 , 317
53 , 315
54 , 312
56 , 311
55 , 309
53 , 309
52 , 309
51 , 308
49 , 308
48 , 309
47 , 308
45 , 309
44 , 309
41 , 311
42 , 313
40 , 315
39 , 316
38 , 318
37 , 321
36 , 321
36 , 325
35 , 326
34 , 327
29 , 335
27 , 336
26 , 335
25 , 334
22 , 335
20 , 334
17 , 333
16 , 333
18 , 331
14 , 329
13 , 330
12 , 329
11 , 328
13 , 326
14 , 325
15 , 325
16 , 323
17 , 322
15 , 321
16 , 319
17 , 318
18 , 318
19 , 319
19 , 315
20 , 314
21 , 315
22 , 311
23 , 311
24 , 310
24 , 306
25 , 305
26 , 305
27 , 304
28 , 303
28 , 299
29 , 298
30 , 299
31 , 296
32 , 296
30 , 295
32 , 292
33 , 292
34 , 290
35 , 291
35 , 287
36 , 287
37 , 287
38 , 284
37 , 283
39 , 282
40 , 280
42 , 278
41 , 277
43 , 276
42 , 274
44 , 273
45 , 272
46 , 272
47 , 268
48 , 268
50 , 266
49 , 265
50 , 262
51 , 262
52 , 261
54 , 261
53 , 259
54 , 257
55 , 257
56 , 255
57 , 254
58 , 255
59 , 253
58 , 251
60 , 251
59 , 249
60 , 247
61 , 248
62 , 245
63 , 245
64 , 244
61 , 244
63 , 241
64 , 240
65 , 241
65 , 237
66 , 236
67 , 236
65 , 233
66 , 232
67 , 232
68 , 230
67 , 228
66 , 228
64 , 227
62 , 228
60 , 227
59 , 228
58 , 229
57 , 230
56 , 231
55 , 232
54 , 231
53 , 232
51 , 233
50 , 233
49 , 235
47 , 235
48 , 237
46 , 238
45 , 237
44 , 238
43 , 239
40 , 238
39 , 239
38 , 239
36 , 238
37 , 236
35 , 235
36 , 234
38 , 233
39 , 231
41 , 231
42 , 230
40 , 229
41 , 227
42 , 226
43 , 227
44 , 224
43 , 223
45 , 221
44 , 220
43 , 219
44 , 216
43 , 215
42 , 215
40 , 213
39 , 212
41 , 212
40 , 209
41 , 208
40 , 205
41 , 204
42 , 205
45 , 204
46 , 205
48 , 205
49 , 204
52 , 205
53 , 203
55 , 204
56 , 204
57 , 202
58 , 202
59 , 201
60 , 200
62 , 200
61 , 202
64 , 199
63 , 198
65 , 196
66 , 198
67 , 197
68 , 194
69 , 194
70 , 192
71 , 191
72 , 192
74 , 190
73 , 189
75 , 188
76 , 187
77 , 185
78 , 186
79 , 183
80 , 183
82 , 182
83 , 182
84 , 183
85 , 182
86 , 182
87 , 183
89 , 183
90 , 184
91 , 182
92 , 182
93 , 184
94 , 183
96 , 184
97 , 184
98 , 186
99 , 187
102 , 187
103 , 188
104 , 188
106 , 188
107 , 188
109 , 189
110 , 187
111 , 188
112 , 188
113 , 185
112 , 184
111 , 184
113 , 181
112 , 180
114 , 178
113 , 177
112 , 176
114 , 174
113 , 173
115 , 171
114 , 170
113 , 169
115 , 167
114 , 166
116 , 166
115 , 163
114 , 162
116 , 162
115 , 159
116 , 158
117 , 158
117 , 154
116 , 154
118 , 154
119 , 152
118 , 150
117 , 150
119 , 148
120 , 149
118 , 146
119 , 144
120 , 145
121 , 143
122 , 143
123 , 140
122 , 139
124 , 138
125 , 137
126 , 138
128 , 136
127 , 135
126 , 134
129 , 132
131 , 132
130 , 134
133 , 131
132 , 130
134 , 129
135 , 129
137 , 131
138 , 129
139 , 129
140 , 130
141 , 130
142 , 127
144 , 128
147 , 129
148 , 128
149 , 129
150 , 128
151 , 127
152 , 129
153 , 129
154 , 128
155 , 128
157 , 130
156 , 131
158 , 131
160 , 131
161 , 132
162 , 133
163 , 133
164 , 134
165 , 138
166 , 139
167 , 139
168 , 139
169 , 140
169 , 144
170 , 144
171 , 145
172 , 148
173 , 151
173 , 155
174 , 155
175 , 157
174 , 159
175 , 161
174 , 163
175 , 165
176 , 165
174 , 167
175 , 169
176 , 169
174 , 171
175 , 173
176 , 173
174 , 175
175 , 177
176 , 177
174 , 179
175 , 181
176 , 181
174 , 183
175 , 185
176 , 185
174 , 187
175 , 189
176 , 189
174 , 191
175 , 193
173 , 194
174 , 195
175 , 197
173 , 198
174 , 199
172 , 201
173 , 202
174 , 203
172 , 205
173 , 206
171 , 207
172 , 209
173 , 210
171 , 211
172 , 213
171 , 215
170 , 215
172 , 217
171 , 219
170 , 219
169 , 219
169 , 223
170 , 223
171 , 223
170 , 227
169 , 227
168 , 227
168 , 231
169 , 231
170 , 231
170 , 235
169 , 235
168 , 235
168 , 239
169 , 239
170 , 239
170 , 243
169 , 243
168 , 243
169 , 247
170 , 247
170 , 251
169 , 251
168 , 253
167 , 253
166 , 252
165 , 253
164 , 250
163 , 248
162 , 248
161 , 248
161 , 244
160 , 244
159 , 242
157 , 241
158 , 240
156 , 238
157 , 237
158 , 236
156 , 234
155 , 234
157 , 233
156 , 230
155 , 230
154 , 229
153 , 227
154 , 225
155 , 226
153 , 223
154 , 221
155 , 222
153 , 219
152 , 217
154 , 217
153 , 215
154 , 213
153 , 211
154 , 209
155 , 210
155 , 206
154 , 205
152 , 204
150 , 205
151 , 206
149 , 207
147 , 208
146 , 210
148 , 210
147 , 212
145 , 213
146 , 214
144 , 216
145 , 217
146 , 218
144 , 220
145 , 221
146 , 222
144 , 224
145 , 225
146 , 226
144 , 228
145 , 229
146 , 230
147 , 230
145 , 233
146 , 234
147 , 234
147 , 238
146 , 238
148 , 240
147 , 242
149 , 242
148 , 244
149 , 246
150 , 246
150 , 250
151 , 251
152 , 252
151 , 255
152 , 256
153 , 258
154 , 257
152 , 260
153 , 262
154 , 261
154 , 266
153 , 266
153 , 270
152 , 270
154 , 270
153 , 274
152 , 274
151 , 273
150 , 274
149 , 276
148 , 277
147 , 278
145 , 280
144 , 281
143 , 281
142 , 284
141 , 284
140 , 286
139 , 286
138 , 285
137 , 286
136 , 287
135 , 288
134 , 289
133 , 290
131 , 292
129 , 292
127 , 294
125 , 296
124 , 299
123 , 301
122 , 303
121 , 303
120 , 305
119 , 308
120 , 309
118 , 310
119 , 312
118 , 314
117 , 315
111 , 314
110 , 314
110 , 310
111 , 310
112 , 308
111 , 306
113 , 306
112 , 304
113 , 302
112 , 299
114 , 294
115 , 291
117 , 289
122 , 291
126 , 288
128 , 286
130 , 284
131 , 283
132 , 282
135 , 278
136 , 278
137 , 277
138 , 275
139 , 276
140 , 275
141 , 272
142 , 271
140 , 270
139 , 268
141 , 268
142 , 267
143 , 266
144 , 265
146 , 265
145 , 263
144 , 261
146 , 261
145 , 259
144 , 257
145 , 255
146 , 256
144 , 253
145 , 251
146 , 252
144 , 249
145 , 247
144 , 245
143 , 243
142 , 243
141 , 244
140 , 245
138 , 246
137 , 246
136 , 246
135 , 246
134 , 244
133 , 244
132 , 245
131 , 245
129 , 243
127 , 243
125 , 242
124 , 242
123 , 242
122 , 242
121 , 240
119 , 241
118 , 240
116 , 239
117 , 238
115 , 235
114 , 235
113 , 236
111 , 234
110 , 233
112 , 233
111 , 230
110 , 229
109 , 230
108 , 227
107 , 226
106 , 225
108 , 223
107 , 222
106 , 221
107 , 218
106 , 217
107 , 214
106 , 213
105 , 210
104 , 210
106 , 209
107 , 210
107 , 206
106 , 205
105 , 206
108 , 204
107 , 202
108 , 200
109 , 199
108 , 196
109 , 195
110 , 195
111 , 192
110 , 191
105 , 186
88 , 181
67 , 165
66 , 166
65 , 165
63 , 167
64 , 168
62 , 169
60 , 170
59 , 171
58 , 173
56 , 174
54 , 176
52 , 175
51 , 175
50 , 175
49 , 172
48 , 172
50 , 171
44 , 171
43 , 170
42 , 172
41 , 172
40 , 171
39 , 172
38 , 171
37 , 173
36 , 174
35 , 176
34 , 176
33 , 176
31 , 176
32 , 178
33 , 180
34 , 180
32 , 182
31 , 181
33 , 184
34 , 184
36 , 185
37 , 184
38 , 183
39 , 185
40 , 184
43 , 183
45 , 181
46 , 180
47 , 179
49 , 181
51 , 181
50 , 183
48 , 184
47 , 188
46 , 188
45 , 190
44 , 190
42 , 193
43 , 194
44 , 194
41 , 196
42 , 197
43 , 198
41 , 200
40 , 201
42 , 201
39 , 216
38 , 217
37 , 220
38 , 221
36 , 223
35 , 224
37 , 224
34 , 228
33 , 229
32 , 228
31 , 230
29 , 230
27 , 233
26 , 233
25 , 232
24 , 231
22 , 231
21 , 233
23 , 234
18 , 231
17 , 229
16 , 228
15 , 227
14 , 228
13 , 226
12 , 225
14 , 224
13 , 222
12 , 221
14 , 220
13 , 218
12 , 217
14 , 216
13 , 214
15 , 214
14 , 212
15 , 210
16 , 209
15 , 206
16 , 205
17 , 206
18 , 205
19 , 204
20 , 202
18 , 201
19 , 200
21 , 200
20 , 198
21 , 196
22 , 196
23 , 197
23 , 193
24 , 193
25 , 193
26 , 193
27 , 192
28 , 191
30 , 189
29 , 187
28 , 187
30 , 185
31 , 185
31 , 172
30 , 172
32 , 170
31 , 168
30 , 168
32 , 166
33 , 164
34 , 163
35 , 163
36 , 162
37 , 161
39 , 161
41 , 162
42 , 162
43 , 160
44 , 160
45 , 161
46 , 159
45 , 157
46 , 155
47 , 156
47 , 152
48 , 152
48 , 148
49 , 148
49 , 144
50 , 144
51 , 142
52 , 141
53 , 143
54 , 142
54 , 146
53 , 147
54 , 150
53 , 151
52 , 152
53 , 155
52 , 156
51 , 157
52 , 160
51 , 161
50 , 162
51 , 165
52 , 165
53 , 165
54 , 164
55 , 164
57 , 163
58 , 161
60 , 159
61 , 161
62 , 158
63 , 157
64 , 158
65 , 156
67 , 157
68 , 157
69 , 158
68 , 161
67 , 161
66 , 162
61 , 172
65 , 224
63 , 225
52 , 234
79 , 247
80 , 247
81 , 247
82 , 244
81 , 243
83 , 242
84 , 242
85 , 239
86 , 238
87 , 237
88 , 234
89 , 234
90 , 233
91 , 233
91 , 229
92 , 228
93 , 227
94 , 225
95 , 226
97 , 224
96 , 222
95 , 222
97 , 220
98 , 220
99 , 219
100 , 218
101 , 217
100 , 214
101 , 213
102 , 214
109 , 226
79 , 251
78 , 251
77 , 251
76 , 253
75 , 255
77 , 255
76 , 257
74 , 258
73 , 258
73 , 262
72 , 262
71 , 262
70 , 264
71 , 266
70 , 268
69 , 268
68 , 269
69 , 272
68 , 273
67 , 273
66 , 274
67 , 277
68 , 277
66 , 278
65 , 280
66 , 282
67 , 281
65 , 284
64 , 285
63 , 287
62 , 289
64 , 289
65 , 288
63 , 291
62 , 293
61 , 293
61 , 297
62 , 297
60 , 298
59 , 300
60 , 302
58 , 303
57 , 304
59 , 304
56 , 307
57 , 308
58 , 309
61 , 310
60 , 312
63 , 311
64 , 312
66 , 311
68 , 314
69 , 313
70 , 314
71 , 314
72 , 313
73 , 315
74 , 314
75 , 314
78 , 316
80 , 315
81 , 317
82 , 317
83 , 316
85 , 316
84 , 318
86 , 318
87 , 318
88 , 317
89 , 318
90 , 320
92 , 318
93 , 318
94 , 319
96 , 319
95 , 321
98 , 320
99 , 320
100 , 321
101 , 322
103 , 319
104 , 320
105 , 321
107 , 321
108 , 319
109 , 319
110 , 318
111 , 318
112 , 320
114 , 323
115 , 323
116 , 321
116 , 325
115 , 327
116 , 329
117 , 328
115 , 331
116 , 333
117 , 332
115 , 335
116 , 337
117 , 336
117 , 340
116 , 341
118 , 342
117 , 344
116 , 345
118 , 346
117 , 348
116 , 349
118 , 350
117 , 352
119 , 352
118 , 354
117 , 356
119 , 356
118 , 358
117 , 360
119 , 360
118 , 362
119 , 364
118 , 366
119 , 368
118 , 370
119 , 372
118 , 374
119 , 376
118 , 378
117 , 379
116 , 380
115 , 378
114 , 377
113 , 376
112 , 377
112 , 373
111 , 372
110 , 370
109 , 368
111 , 368
110 , 366
109 , 364
108 , 363
107 , 361
108 , 359
109 , 360
110 , 362
107 , 357
108 , 355
109 , 356
107 , 353
106 , 352
108 , 351
107 , 349
106 , 348
108 , 347
107 , 345
106 , 344
108 , 343
107 , 341
106 , 340
108 , 339
107 , 337
106 , 336
108 , 335
107 , 333
106 , 332
108 , 331
107 , 329
108 , 327
109 , 328
109 , 323
108 , 323
120 , 284
121 , 284
123 , 283
124 , 282
125 , 280
126 , 278
127 , 278
128 , 276
129 , 276
130 , 274
133 , 273
134 , 272
146 , 282
150 , 278
151 , 277
161 , 276
163 , 276
162 , 274
161 , 272
163 , 272
162 , 270
161 , 268
160 , 268
162 , 266
161 , 264
160 , 264
159 , 262
160 , 260
159 , 258
158 , 257
169 , 255
170 , 255
171 , 256
172 , 255
171 , 252
162 , 278
161 , 280
163 , 280
162 , 282
161 , 284
163 , 284
162 , 286
160 , 287
161 , 288
162 , 290
160 , 291
161 , 292
162 , 294
160 , 295
159 , 296
161 , 296
160 , 299
159 , 300
158 , 301
160 , 303
159 , 304
158 , 305
157 , 307
158 , 309
159 , 308
157 , 311
156 , 311
158 , 313
157 , 315
156 , 315
155 , 315
158 , 318
159 , 318
160 , 318
164 , 320
166 , 321
167 , 321
168 , 321
169 , 323
170 , 322
171 , 323
172 , 322
173 , 323
174 , 322
175 , 322
176 , 322
177 , 324
178 , 323
179 , 325
180 , 324
182 , 325
184 , 325
185 , 324
186 , 324
187 , 325
188 , 324
189 , 325
192 , 323
193 , 322
194 , 320
195 , 321
196 , 320
197 , 318
198 , 317
196 , 316
197 , 314
198 , 313
199 , 311
200 , 309
201 , 308
199 , 307
200 , 305
201 , 304
202 , 303
201 , 300
202 , 299
203 , 299
203 , 295
202 , 295
204 , 293
203 , 291
204 , 289
205 , 287
206 , 287
209 , 288
210 , 289
211 , 287
210 , 285
207 , 282
206 , 283
205 , 283
208 , 281
206 , 279
207 , 278
208 , 277
209 , 277
207 , 274
208 , 273
209 , 273
210 , 270
209 , 269
208 , 269
210 , 266
211 , 266
209 , 265
210 , 262
211 , 262
212 , 263
212 , 259
211 , 258
213 , 256
212 , 255
211 , 254
213 , 252
214 , 252
212 , 251
213 , 248
214 , 248
212 , 247
213 , 244
214 , 244
215 , 242
214 , 240
213 , 240
215 , 238
214 , 236
215 , 234
216 , 235
214 , 232
215 , 230
216 , 231
214 , 228
215 , 226
216 , 227
214 , 224
215 , 222
216 , 223
214 , 220
215 , 218
216 , 219
214 , 216
213 , 216
215 , 214
214 , 212
213 , 212
215 , 210
214 , 208
213 , 208
212 , 207
213 , 204
212 , 203
211 , 201
210 , 200
212 , 199
211 , 197
210 , 196
209 , 193
210 , 192
209 , 189
208 , 188
208 , 184
207 , 184
209 , 184
210 , 182
209 , 180
208 , 180
207 , 180
206 , 177
207 , 176
208 , 176
206 , 173
205 , 172
207 , 172
206 , 169
205 , 168
204 , 167
206 , 165
205 , 164
204 , 163
206 , 161
205 , 160
204 , 159
203 , 159
201 , 160
200 , 161
199 , 157
198 , 156
197 , 154
196 , 154
195 , 156
191 , 156
190 , 156
189 , 154
187 , 150
186 , 150
185 , 151
184 , 152
182 , 151
183 , 150
180 , 151
179 , 151
181 , 153
183 , 154
188 , 149
190 , 148
191 , 148
192 , 149
193 , 149
194 , 149
195 , 147
198 , 144
200 , 145
201 , 143
202 , 144
203 , 143
204 , 143
204 , 139
203 , 139
203 , 135
204 , 135
202 , 134
203 , 131
204 , 131
202 , 130
201 , 128
202 , 126
203 , 127
201 , 124
200 , 122
202 , 122
201 , 120
200 , 118
202 , 118
201 , 116
200 , 114
202 , 114
201 , 112
200 , 110
202 , 110
201 , 108
202 , 106
203 , 107
201 , 104
202 , 102
203 , 103
201 , 100
202 , 98
203 , 99
204 , 98
203 , 95
204 , 94
205 , 95
205 , 91
204 , 90
206 , 90
205 , 87
206 , 86
207 , 85
208 , 84
209 , 83
211 , 83
212 , 83
213 , 82
214 , 82
215 , 78
216 , 78
217 , 78
218 , 78
219 , 79
220 , 79
221 , 80
223 , 80
224 , 80
225 , 79
226 , 80
227 , 79
229 , 80
230 , 81
231 , 81
233 , 83
232 , 84
229 , 84
228 , 83
227 , 83
226 , 84
225 , 83
224 , 84
222 , 84
234 , 80
235 , 84
237 , 86
238 , 85
239 , 87
240 , 87
241 , 87
243 , 84
242 , 83
244 , 85
245 , 83
245 , 87
246 , 87
247 , 90
248 , 90
248 , 94
249 , 98
251 , 100
250 , 102
249 , 102
248 , 103
249 , 106
250 , 106
248 , 107
247 , 110
248 , 111
249 , 112
251 , 112
252 , 112
253 , 113
254 , 113
254 , 117
253 , 117
252 , 118
253 , 121
254 , 121
252 , 122
251 , 123
250 , 125
249 , 127
251 , 127
248 , 130
247 , 130
246 , 130
245 , 129
243 , 129
242 , 128
241 , 128
241 , 132
242 , 132
244 , 131
240 , 134
241 , 136
239 , 137
240 , 138
238 , 139
239 , 141
240 , 142
241 , 144
242 , 144
243 , 146
244 , 149
245 , 149
246 , 151
245 , 153
244 , 153
243 , 154
245 , 157
246 , 159
247 , 159
247 , 163
246 , 163
246 , 167
247 , 167
247 , 171
246 , 171
245 , 174
244 , 174
243 , 175
241 , 174
242 , 173
239 , 172
237 , 170
236 , 171
238 , 169
238 , 165
239 , 164
240 , 164
240 , 160
241 , 160
236 , 158
235 , 159
234 , 161
233 , 163
232 , 164
231 , 167
230 , 168
232 , 168
231 , 171
230 , 172
229 , 170
229 , 174
228 , 176
226 , 177
227 , 178
226 , 181
227 , 182
225 , 183
224 , 182
224 , 186
223 , 186
222 , 186
222 , 190
223 , 190
221 , 191
221 , 195
220 , 195
219 , 196
218 , 197
217 , 197
216 , 194
215 , 190
214 , 190
213 , 188
211 , 185
212 , 184
220 , 199
219 , 200
218 , 201
245 , 178
246 , 175
247 , 175
254 , 156
253 , 154
255 , 154
256 , 155
257 , 155
258 , 156
259 , 157
260 , 158
261 , 160
262 , 159
264 , 159
263 , 161
265 , 162
266 , 162
267 , 162
268 , 164
269 , 165
270 , 166
271 , 167
272 , 166
273 , 169
274 , 171
275 , 172
276 , 173
277 , 173
278 , 173
279 , 174
280 , 177
281 , 179
282 , 180
283 , 179
284 , 180
285 , 180
287 , 183
286 , 184
288 , 186
289 , 186
290 , 184
291 , 187
290 , 188
292 , 189
294 , 189
295 , 190
293 , 191
296 , 194
297 , 195
298 , 193
300 , 195
299 , 197
300 , 199
301 , 198
303 , 198
304 , 199
302 , 200
303 , 202
304 , 203
305 , 203
306 , 204
307 , 205
308 , 204
308 , 208
309 , 208
310 , 209
311 , 211
312 , 211
313 , 213
314 , 213
316 , 213
317 , 213
319 , 212
320 , 210
321 , 208
322 , 208
323 , 208
324 , 208
325 , 205
326 , 204
327 , 203
328 , 202
329 , 201
330 , 199
328 , 198
329 , 197
331 , 197
332 , 196
334 , 194
333 , 192
334 , 190
335 , 190
337 , 189
338 , 188
336 , 187
337 , 185
336 , 183
335 , 183
334 , 181
332 , 180
333 , 179
331 , 178
330 , 179
329 , 179
327 , 182
326 , 183
328 , 183
327 , 186
326 , 187
325 , 186
325 , 190
324 , 191
326 , 191
325 , 194
324 , 195
326 , 195
327 , 196
332 , 201
333 , 200
335 , 200
336 , 201
338 , 202
339 , 202
341 , 204
343 , 204
344 , 203
347 , 203
348 , 203
349 , 204
351 , 204
350 , 206
351 , 208
350 , 210
351 , 212
352 , 213
350 , 214
351 , 216
352 , 217
351 , 220
352 , 221
354 , 221
355 , 222
356 , 222
357 , 223
357 , 227
358 , 228
359 , 229
360 , 231
361 , 231
362 , 231
363 , 233
364 , 233
365 , 235
366 , 236
364 , 237
365 , 239
366 , 240
367 , 241
368 , 242
369 , 242
370 , 245
369 , 246
370 , 249
371 , 249
372 , 251
373 , 252
375 , 254
376 , 254
377 , 256
376 , 258
378 , 258
377 , 260
383 , 258
384 , 259
385 , 259
383 , 262
384 , 263
385 , 263
385 , 267
384 , 267
386 , 267
386 , 271
385 , 271
384 , 271
384 , 275
385 , 275
386 , 275
385 , 279
384 , 279
383 , 279
383 , 283
384 , 283
385 , 283
382 , 284
383 , 287
384 , 287
382 , 288
381 , 290
382 , 292
380 , 293
381 , 294
379 , 295
378 , 296
380 , 297
379 , 299
378 , 300
377 , 300
376 , 302
375 , 302
374 , 303
373 , 306
374 , 307
375 , 306
372 , 308
371 , 309
366 , 309
365 , 310
364 , 310
364 , 306
365 , 306
363 , 305
364 , 302
363 , 301
362 , 301
362 , 297
363 , 297
361 , 296
360 , 295
359 , 292
360 , 291
361 , 292
358 , 289
359 , 288
357 , 287
356 , 285
358 , 285
357 , 283
356 , 281
355 , 279
354 , 278
353 , 276
354 , 274
355 , 275
356 , 277
353 , 272
352 , 270
354 , 270
353 , 268
351 , 268
352 , 266
350 , 265
351 , 264
352 , 262
350 , 261
351 , 260
349 , 258
350 , 257
351 , 256
349 , 254
350 , 253
349 , 250
350 , 249
349 , 246
348 , 246
347 , 247
345 , 248
344 , 249
342 , 252
343 , 253
344 , 253
342 , 256
341 , 257
340 , 256
339 , 259
340 , 260
338 , 262
337 , 262
339 , 263
338 , 266
337 , 266
336 , 266
335 , 269
336 , 270
337 , 270
335 , 273
334 , 273
336 , 274
335 , 277
334 , 277
336 , 278
335 , 281
334 , 281
336 , 282
335 , 285
336 , 286
337 , 286
338 , 289
337 , 290
339 , 292
338 , 293
340 , 293
341 , 294
342 , 296
340 , 297
341 , 298
343 , 298
342 , 300
344 , 301
345 , 301
346 , 301
346 , 305
347 , 306
348 , 306
349 , 308
350 , 310
351 , 311
352 , 310
352 , 314
353 , 314
354 , 315
355 , 317
353 , 318
354 , 319
355 , 321
356 , 324
355 , 325
357 , 325
356 , 328
357 , 329
358 , 328
358 , 335
357 , 336
356 , 336
359 , 336
360 , 337
361 , 336
362 , 337
363 , 337
364 , 338
365 , 336
366 , 335
368 , 333
367 , 332
368 , 329
369 , 329
367 , 328
368 , 325
367 , 324
366 , 324
368 , 321
367 , 320
366 , 320
366 , 316
367 , 316
370 , 317
371 , 317
372 , 318
373 , 318
374 , 321
375 , 322
376 , 320
377 , 321
381 , 323
382 , 324
383 , 325
384 , 325
387 , 325
389 , 324
390 , 325
392 , 325
393 , 327
394 , 326
395 , 327
396 , 327
398 , 326
399 , 327
400 , 327
401 , 327
402 , 325
404 , 326
406 , 327
407 , 328
408 , 326
409 , 327
410 , 328
411 , 328
412 , 328
413 , 327
414 , 326
415 , 325
416 , 326
418 , 326
419 , 327
420 , 325
421 , 325
422 , 326
423 , 326
425 , 326
429 , 325
431 , 324
432 , 324
433 , 324
435 , 324
437 , 323
438 , 325
442 , 321
443 , 322
444 , 321
445 , 322
447 , 321
450 , 320
451 , 319
453 , 320
455 , 318
457 , 319
458 , 319
459 , 316
461 , 315
462 , 316
463 , 315
464 , 315
464 , 319
463 , 319
465 , 321
464 , 323
463 , 323
465 , 325
466 , 324
464 , 327
463 , 327
465 , 329
466 , 328
464 , 331
463 , 331
465 , 333
466 , 332
467 , 333
464 , 335
463 , 335
462 , 337
461 , 339
460 , 340
462 , 341
463 , 339
467 , 337
468 , 338
469 , 337
469 , 341
470 , 341
471 , 342
468 , 342
471 , 346
472 , 347
473 , 350
472 , 351
473 , 354
474 , 355
475 , 357
476 , 357
477 , 357
478 , 357
479 , 358
480 , 357
481 , 356
484 , 357
487 , 355
489 , 354
491 , 355
492 , 355
493 , 353
496 , 353
498 , 354
500 , 353
502 , 353
504 , 352
505 , 353
506 , 353
507 , 353
508 , 351
509 , 350
510 , 351
511 , 352
512 , 352
514 , 350
515 , 352
516 , 351
517 , 352
518 , 351
520 , 351
519 , 349
522 , 350
523 , 351
524 , 350
526 , 349
527 , 350
528 , 350
530 , 350
531 , 350
532 , 349
533 , 348
534 , 349
535 , 348
536 , 348
538 , 347
540 , 348
541 , 348
542 , 347
543 , 346
544 , 345
545 , 342
546 , 342
547 , 342
544 , 341
546 , 338
547 , 338
548 , 339
549 , 336
548 , 335
550 , 335
551 , 334
552 , 330
553 , 327
554 , 324
553 , 323
554 , 320
554 , 316
553 , 315
552 , 314
554 , 312
553 , 311
552 , 310
554 , 308
555 , 308
555 , 304
554 , 304
554 , 300
555 , 300
554 , 296
553 , 296
551 , 296
550 , 296
549 , 297
548 , 298
547 , 296
548 , 294
549 , 293
548 , 290
549 , 289
550 , 287
548 , 286
549 , 285
550 , 283
548 , 282
549 , 281
550 , 279
551 , 278
552 , 279
553 , 279
554 , 277
553 , 275
552 , 275
551 , 274
550 , 275
549 , 273
550 , 271
551 , 270
552 , 271
549 , 269
550 , 267
551 , 266
549 , 265
550 , 263
551 , 262
549 , 261
548 , 261
547 , 260
548 , 257
549 , 257
550 , 255
549 , 253
548 , 251
550 , 251
549 , 249
548 , 247
550 , 247
549 , 245
548 , 243
550 , 243
549 , 241
548 , 239
550 , 239
551 , 238
549 , 237
548 , 235
550 , 235
551 , 234
552 , 234
549 , 233
548 , 231
548 , 227
549 , 227
547 , 225
548 , 223
549 , 223
549 , 219
548 , 219
550 , 216
549 , 215
548 , 215
550 , 212
549 , 211
550 , 208
549 , 207
548 , 207
547 , 208
546 , 207
545 , 208
544 , 210
543 , 212
542 , 212
541 , 214
542 , 216
540 , 217
539 , 217
541 , 218
540 , 221
539 , 221
538 , 222
537 , 224
538 , 226
539 , 225
537 , 228
536 , 229
538 , 230
539 , 229
537 , 232
536 , 233
538 , 234
537 , 236
536 , 237
538 , 238
537 , 240
536 , 241
538 , 242
537 , 244
538 , 246
539 , 246
540 , 248
539 , 250
541 , 250
540 , 252
541 , 254
542 , 253
543 , 254
544 , 257
550 , 259
549 , 277
554 , 281
554 , 285
555 , 287
554 , 289
555 , 295
560 , 295
561 , 292
563 , 294
565 , 294
566 , 294
567 , 292
564 , 292
570 , 292
571 , 293
572 , 293
573 , 295
574 , 295
575 , 295
576 , 292
575 , 291
577 , 290
576 , 288
577 , 286
578 , 287
578 , 283
579 , 283
579 , 279
580 , 279
581 , 277
580 , 275
579 , 275
581 , 273
582 , 272
580 , 271
581 , 269
582 , 268
583 , 268
581 , 265
582 , 264
583 , 264
584 , 262
583 , 260
582 , 260
584 , 258
583 , 256
585 , 256
584 , 254
583 , 252
585 , 252
584 , 250
583 , 248
585 , 248
584 , 246
583 , 244
585 , 244
584 , 242
583 , 240
585 , 240
584 , 238
583 , 236
585 , 236
584 , 234
583 , 232
585 , 232
584 , 230
583 , 228
585 , 228
584 , 226
583 , 224
585 , 224
584 , 222
582 , 221
583 , 220
584 , 218
582 , 217
583 , 216
582 , 213
581 , 212
583 , 212
582 , 209
581 , 208
580 , 207
581 , 204
580 , 203
579 , 203
578 , 203
577 , 200
578 , 199
579 , 199
576 , 197
577 , 196
575 , 194
574 , 194
573 , 192
574 , 190
575 , 190
573 , 188
572 , 188
571 , 187
570 , 186
569 , 187
568 , 186
569 , 183
567 , 182
566 , 182
565 , 181
563 , 180
562 , 180
560 , 180
559 , 178
561 , 178
561 , 182
560 , 184
561 , 186
560 , 188
562 , 188
561 , 190
560 , 192
562 , 192
561 , 194
560 , 196
559 , 197
561 , 198
560 , 200
559 , 201
558 , 201
560 , 204
559 , 205
558 , 205
557 , 205
557 , 209
558 , 209
559 , 209
558 , 213
557 , 213
556 , 212
556 , 216
555 , 217
557 , 217
556 , 220
555 , 221
554 , 222
555 , 225
554 , 226
553 , 227
552 , 230
553 , 231
551 , 204
550 , 204
549 , 203
548 , 203
547 , 204
562 , 196
576 , 193
558 , 175
557 , 174
556 , 175
555 , 175
554 , 175
553 , 174
554 , 171
553 , 170
552 , 170
550 , 169
551 , 168
549 , 166
548 , 165
550 , 165
549 , 162
548 , 161
547 , 161
549 , 158
548 , 157
547 , 157
547 , 153
546 , 153
548 , 153
547 , 149
546 , 149
545 , 149
545 , 145
544 , 145
543 , 145
542 , 143
540 , 142
539 , 143
538 , 143
537 , 142
536 , 143
535 , 143
534 , 144
533 , 145
531 , 146
530 , 145
529 , 147
527 , 149
525 , 149
524 , 150
523 , 148
521 , 149
520 , 146
519 , 146
518 , 146
517 , 144
516 , 143
515 , 140
514 , 140
513 , 139
512 , 139
511 , 136
512 , 135
510 , 134
511 , 132
510 , 130
511 , 128
512 , 128
510 , 126
511 , 124
512 , 124
510 , 122
511 , 120
512 , 120
513 , 119
512 , 116
513 , 115
512 , 112
513 , 111
511 , 110
509 , 110
508 , 113
507 , 114
506 , 114
504 , 116
503 , 115
502 , 114
501 , 113
502 , 110
501 , 109
503 , 108
502 , 106
501 , 105
503 , 104
502 , 102
500 , 100
501 , 99
502 , 98
503 , 98
504 , 98
503 , 94
502 , 94
501 , 91
502 , 90
503 , 90
501 , 87
502 , 86
500 , 84
501 , 83
499 , 82
500 , 80
499 , 78
498 , 77
497 , 75
496 , 75
495 , 75
494 , 74
493 , 72
489 , 69
488 , 70
487 , 70
486 , 68
485 , 68
484 , 68
483 , 70
482 , 70
481 , 69
480 , 69
478 , 70
477 , 70
475 , 69
474 , 68
476 , 68
479 , 67
473 , 70
472 , 70
471 , 70
470 , 70
469 , 70
468 , 70
467 , 71
465 , 70
464 , 71
462 , 72
461 , 71
460 , 72
459 , 74
458 , 74
456 , 73
455 , 75
454 , 75
452 , 77
453 , 79
451 , 80
450 , 81
449 , 80
448 , 83
447 , 83
446 , 85
447 , 87
448 , 87
446 , 89
445 , 89
447 , 91
446 , 93
445 , 93
447 , 95
446 , 97
445 , 97
447 , 99
446 , 101
447 , 103
448 , 103
448 , 107
449 , 108
450 , 110
452 , 110
454 , 110
453 , 112
451 , 112
452 , 114
454 , 114
455 , 114
456 , 114
457 , 117
458 , 117
460 , 117
461 , 119
462 , 121
463 , 120
464 , 123
465 , 123
466 , 124
467 , 124
469 , 127
468 , 128
467 , 128
470 , 129
471 , 130
469 , 131
470 , 133
471 , 134
473 , 134
472 , 132
472 , 136
473 , 138
474 , 137
474 , 141
475 , 141
476 , 143
475 , 145
477 , 145
476 , 147
475 , 150
474 , 150
473 , 150
472 , 149
471 , 149
470 , 150
469 , 149
468 , 148
467 , 149
466 , 149
465 , 149
464 , 148
465 , 145
466 , 145
464 , 144
463 , 144
462 , 142
461 , 142
463 , 140
461 , 138
460 , 139
460 , 135
459 , 135
458 , 134
457 , 133
459 , 131
458 , 130
457 , 129
456 , 130
456 , 126
457 , 125
456 , 122
455 , 122
455 , 118
456 , 118
444 , 119
442 , 120
443 , 121
444 , 123
442 , 124
443 , 125
444 , 127
442 , 128
443 , 129
444 , 131
442 , 132
443 , 133
444 , 135
442 , 136
443 , 137
444 , 139
442 , 140
443 , 141
444 , 143
445 , 143
443 , 145
444 , 147
445 , 147
445 , 151
444 , 151
446 , 151
447 , 153
446 , 155
447 , 157
448 , 156
449 , 157
450 , 158
451 , 160
450 , 162
449 , 164
448 , 164
446 , 165
445 , 163
443 , 163
441 , 164
440 , 164
439 , 164
438 , 163
436 , 163
434 , 164
432 , 165
433 , 166
434 , 168
432 , 169
433 , 170
434 , 172
432 , 173
433 , 174
431 , 175
432 , 177
431 , 179
430 , 179
430 , 183
429 , 183
428 , 186
427 , 186
425 , 188
424 , 187
423 , 187
422 , 188
423 , 191
424 , 191
422 , 192
421 , 192
420 , 194
419 , 197
418 , 198
417 , 198
416 , 199
415 , 201
414 , 201
412 , 201
411 , 200
409 , 202
407 , 203
406 , 202
401 , 206
400 , 205
399 , 204
397 , 204
396 , 202
398 , 202
398 , 198
397 , 198
395 , 196
396 , 195
395 , 192
394 , 191
393 , 190
394 , 187
393 , 186
392 , 185
391 , 183
392 , 181
393 , 182
391 , 179
392 , 177
393 , 178
387 , 178
386 , 179
385 , 176
386 , 175
387 , 174
385 , 172
386 , 171
387 , 170
386 , 167
385 , 167
384 , 168
382 , 168
381 , 167
380 , 168
379 , 169
378 , 169
377 , 168
374 , 170
373 , 170
371 , 172
370 , 172
369 , 172
368 , 171
367 , 172
366 , 173
365 , 174
364 , 174
362 , 175
360 , 174
359 , 174
358 , 174
357 , 174
356 , 174
354 , 172
352 , 172
351 , 172
349 , 171
348 , 170
347 , 169
346 , 167
345 , 166
347 , 165
346 , 163
345 , 162
344 , 163
344 , 159
343 , 158
343 , 154
342 , 152
341 , 152
340 , 151
339 , 152
338 , 153
338 , 149
339 , 148
340 , 147
341 , 148
338 , 145
339 , 144
340 , 143
338 , 141
339 , 140
337 , 139
338 , 137
339 , 136
337 , 135
336 , 134
338 , 133
337 , 131
336 , 130
338 , 129
337 , 127
336 , 126
335 , 127
334 , 124
335 , 123
336 , 122
337 , 123
334 , 120
335 , 119
334 , 116
333 , 116
332 , 115
333 , 112
332 , 111
331 , 109
330 , 108
332 , 107
333 , 108
334 , 106
333 , 104
334 , 102
335 , 102
335 , 98
334 , 98
336 , 96
335 , 94
336 , 92
335 , 90
336 , 88
335 , 85
336 , 84
334 , 83
333 , 84
332 , 84
331 , 87
331 , 91
325 , 92
324 , 93
325 , 96
326 , 96
327 , 97
328 , 99
329 , 99
326 , 103
327 , 104
324 , 104
322 , 102
321 , 102
320 , 102
319 , 101
318 , 102
317 , 103
318 , 106
319 , 108
318 , 110
316 , 109
315 , 110
314 , 109
313 , 109
311 , 111
310 , 111
309 , 113
308 , 113
307 , 112
306 , 114
305 , 115
304 , 116
303 , 114
302 , 118
301 , 119
300 , 118
299 , 119
298 , 122
297 , 123
299 , 123
296 , 126
295 , 127
297 , 127
294 , 129
295 , 131
294 , 133
293 , 133
292 , 135
293 , 137
292 , 139
293 , 141
291 , 142
292 , 143
293 , 145
291 , 146
292 , 147
293 , 149
291 , 150
292 , 151
293 , 153
294 , 152
292 , 155
293 , 157
294 , 156
295 , 157
296 , 157
298 , 160
296 , 161
297 , 162
299 , 164
300 , 162
301 , 165
302 , 166
303 , 164
305 , 168
306 , 168
307 , 167
309 , 169
310 , 169
311 , 169
312 , 167
313 , 167
314 , 167
316 , 167
317 , 166
318 , 167
319 , 166
320 , 165
321 , 163
322 , 163
323 , 163
324 , 164
327 , 163
326 , 161
328 , 161
328 , 157
328 , 153
329 , 153
330 , 152
331 , 150
329 , 149
328 , 149
330 , 148
331 , 146
329 , 145
328 , 145
330 , 144
329 , 141
328 , 140
330 , 140
329 , 137
328 , 136
327 , 136
330 , 136
329 , 133
330 , 132
327 , 132
326 , 131
325 , 130
324 , 128
325 , 126
324 , 124
323 , 123
322 , 121
321 , 118
320 , 117
321 , 114
322 , 114
323 , 113
325 , 113
326 , 115
327 , 115
328 , 117
329 , 120
328 , 121
330 , 124
330 , 128
337 , 143
332 , 154
331 , 154
333 , 157
332 , 158
333 , 161
333 , 165
334 , 166
333 , 169
332 , 172
330 , 171
329 , 171
328 , 169
329 , 167
328 , 165
328 , 173
329 , 175
330 , 175
331 , 174
332 , 176
339 , 180
338 , 182
339 , 184
340 , 183
343 , 184
346 , 185
347 , 184
348 , 185
349 , 182
348 , 181
347 , 180
346 , 179
345 , 179
344 , 178
341 , 177
340 , 175
341 , 173
342 , 174
343 , 174
342 , 170
341 , 169
340 , 169
339 , 168
340 , 165
339 , 164
339 , 160
338 , 157
350 , 170
350 , 181
352 , 183
353 , 182
354 , 184
355 , 183
356 , 187
357 , 188
358 , 188
359 , 189
360 , 189
361 , 189
363 , 189
365 , 193
366 , 193
367 , 193
368 , 192
369 , 195
370 , 195
371 , 196
372 , 196
372 , 200
373 , 201
374 , 201
375 , 200
376 , 199
377 , 198
378 , 197
379 , 196
380 , 194
381 , 193
382 , 193
383 , 191
385 , 189
386 , 187
387 , 186
388 , 185
386 , 183
387 , 182
387 , 190
388 , 193
389 , 193
390 , 196
389 , 197
390 , 200
391 , 200
392 , 201
393 , 203
394 , 203
402 , 207
403 , 208
404 , 210
405 , 210
403 , 212
405 , 214
406 , 213
408 , 215
407 , 216
409 , 217
410 , 218
411 , 216
412 , 215
410 , 214
411 , 212
412 , 211
413 , 211
414 , 208
413 , 207
415 , 205
416 , 203
417 , 202
426 , 189
424 , 183
423 , 183
425 , 180
424 , 179
426 , 178
425 , 176
426 , 174
425 , 172
426 , 170
427 , 171
425 , 168
426 , 166
427 , 167
424 , 165
425 , 164
426 , 162
424 , 161
425 , 160
424 , 157
423 , 157
425 , 156
424 , 153
423 , 153
422 , 152
423 , 149
422 , 148
423 , 145
422 , 144
420 , 142
421 , 141
422 , 140
423 , 139
424 , 139
426 , 137
428 , 139
429 , 137
430 , 135
431 , 134
432 , 132
433 , 131
431 , 130
432 , 128
433 , 127
434 , 126
432 , 124
433 , 123
432 , 120
431 , 119
430 , 120
429 , 120
428 , 120
427 , 121
425 , 120
424 , 120
423 , 121
422 , 121
421 , 121
419 , 118
420 , 117
421 , 117
422 , 117
421 , 113
420 , 111
419 , 109
421 , 109
420 , 107
418 , 107
417 , 105
419 , 105
418 , 103
416 , 101
415 , 102
414 , 102
412 , 100
410 , 99
411 , 98
408 , 97
406 , 96
405 , 96
401 , 95
398 , 95
396 , 101
395 , 102
394 , 102
393 , 102
392 , 102
391 , 103
390 , 104
389 , 106
388 , 106
387 , 106
387 , 110
386 , 111
385 , 113
384 , 115
386 , 115
385 , 117
384 , 119
383 , 119
385 , 121
384 , 123
383 , 123
385 , 125
384 , 127
383 , 127
385 , 129
384 , 131
383 , 131
385 , 133
384 , 135
383 , 135
385 , 137
384 , 139
386 , 139
385 , 141
384 , 143
386 , 143
385 , 145
387 , 145
386 , 147
385 , 149
387 , 149
388 , 149
386 , 151
387 , 153
388 , 153
389 , 155
390 , 156
388 , 157
389 , 159
390 , 160
392 , 160
393 , 161
394 , 163
395 , 164
396 , 164
397 , 165
399 , 165
400 , 164
401 , 165
402 , 165
403 , 164
404 , 164
405 , 163
407 , 161
408 , 162
410 , 161
409 , 159
410 , 157
411 , 157
412 , 157
413 , 157
414 , 155
415 , 155
413 , 153
415 , 151
416 , 151
417 , 149
416 , 147
418 , 147
417 , 145
418 , 143
419 , 144
419 , 140
420 , 138
421 , 137
419 , 136
420 , 134
421 , 133
420 , 130
421 , 129
422 , 129
420 , 126
421 , 125
422 , 125
415 , 112
414 , 111
416 , 111
412 , 108
413 , 107
411 , 106
409 , 104
408 , 105
406 , 104
405 , 103
404 , 102
403 , 102
402 , 102
401 , 102
400 , 101
399 , 102
398 , 103
397 , 102
389 , 96
386 , 94
385 , 95
384 , 96
386 , 98
385 , 99
384 , 100
383 , 100
382 , 99
387 , 93
388 , 91
390 , 90
391 , 89
392 , 88
393 , 87
394 , 85
395 , 86
396 , 84
397 , 85
399 , 84
400 , 84
402 , 83
403 , 83
404 , 82
407 , 82
409 , 83
410 , 82
412 , 82
413 , 84
414 , 83
415 , 83
417 , 85
418 , 83
420 , 85
421 , 85
423 , 86
424 , 86
422 , 88
426 , 89
427 , 90
428 , 90
429 , 91
430 , 92
431 , 91
432 , 92
433 , 95
434 , 96
435 , 95
437 , 96
436 , 98
437 , 100
438 , 100
439 , 99
440 , 102
439 , 103
441 , 103
440 , 106
441 , 107
442 , 108
443 , 109
441 , 111
442 , 112
443 , 113
444 , 115
442 , 116
443 , 117
454 , 106
455 , 105
454 , 102
455 , 101
454 , 98
455 , 97
456 , 98
457 , 97
458 , 95
459 , 95
457 , 93
456 , 94
460 , 92
461 , 92
462 , 93
464 , 93
465 , 92
466 , 91
468 , 93
463 , 91
474 , 90
475 , 91
476 , 90
478 , 90
480 , 88
481 , 88
483 , 88
484 , 86
485 , 86
486 , 86
487 , 87
488 , 87
489 , 86
490 , 86
491 , 87
492 , 88
493 , 90
491 , 91
492 , 92
493 , 94
494 , 94
494 , 98
493 , 98
495 , 99
496 , 100
497 , 100
498 , 100
495 , 103
494 , 102
508 , 103
509 , 102
510 , 103
511 , 102
512 , 100
511 , 98
510 , 96
512 , 96
511 , 94
510 , 92
509 , 91
508 , 89
509 , 87
510 , 88
508 , 85
507 , 85
509 , 83
508 , 81
507 , 81
506 , 80
505 , 78
506 , 76
507 , 77
505 , 74
504 , 72
503 , 71
502 , 69
501 , 67
503 , 67
504 , 68
502 , 65
500 , 64
501 , 63
499 , 62
498 , 61
497 , 59
496 , 58
495 , 58
494 , 55
495 , 54
493 , 52
492 , 52
491 , 50
490 , 48
492 , 48
491 , 46
490 , 44
489 , 42
490 , 40
489 , 38
490 , 36
491 , 36
491 , 32
490 , 32
489 , 30
487 , 28
486 , 26
485 , 25
484 , 24
483 , 24
482 , 22
483 , 20
482 , 18
481 , 18
480 , 16
483 , 16
484 , 17
488 , 22
490 , 22
494 , 25
495 , 24
495 , 20
496 , 20
496 , 16
495 , 16
496 , 12
497 , 10
498 , 9
499 , 8
500 , 9
501 , 10
500 , 13
501 , 14
500 , 17
501 , 18
500 , 21
501 , 22
500 , 25
501 , 26
500 , 29
501 , 30
502 , 30
499 , 31
500 , 33
501 , 34
502 , 37
501 , 38
503 , 39
502 , 41
501 , 42
500 , 46
499 , 46
498 , 46
497 , 46
496 , 45
496 , 41
495 , 39
496 , 37
497 , 33
493 , 32
492 , 31
494 , 29
495 , 29
493 , 28
505 , 32
506 , 32
508 , 32
509 , 32
511 , 33
512 , 34
510 , 35
511 , 37
512 , 38
513 , 39
514 , 40
512 , 42
513 , 43
514 , 44
512 , 46
513 , 47
514 , 48
512 , 50
513 , 51
514 , 52
512 , 54
511 , 54
513 , 55
512 , 58
511 , 58
513 , 59
512 , 62
511 , 62
513 , 63
512 , 66
511 , 66
513 , 67
514 , 68
513 , 71
514 , 72
515 , 73
516 , 73
517 , 75
516 , 77
517 , 79
518 , 78
519 , 79
518 , 82
519 , 83
520 , 83
521 , 83
522 , 85
521 , 87
522 , 89
523 , 88
524 , 87
524 , 91
525 , 92
526 , 93
527 , 93
527 , 97
526 , 97
528 , 98
529 , 98
530 , 100
529 , 102
528 , 102
530 , 104
531 , 103
532 , 106
531 , 107
533 , 108
532 , 110
534 , 110
533 , 112
534 , 114
535 , 113
535 , 117
536 , 118
537 , 120
536 , 122
537 , 124
538 , 123
539 , 125
538 , 127
537 , 128
539 , 129
540 , 130
538 , 131
539 , 133
538 , 135
539 , 137
537 , 138
538 , 139
536 , 147
535 , 147
535 , 151
534 , 151
532 , 152
530 , 155
529 , 156
531 , 156
532 , 156
533 , 157
534 , 160
536 , 160
537 , 160
538 , 163
540 , 164
541 , 163
542 , 164
543 , 166
544 , 166
528 , 153
527 , 153
526 , 152
525 , 153
513 , 150
512 , 151
511 , 149
512 , 147
511 , 145
510 , 143
509 , 141
506 , 137
504 , 135
502 , 134
501 , 134
500 , 133
503 , 133
502 , 130
501 , 130
500 , 129
501 , 126
502 , 126
500 , 125
501 , 122
502 , 122
503 , 123
503 , 119
502 , 118
501 , 117
505 , 117
510 , 107
509 , 106
511 , 106
512 , 104
512 , 108
499 , 136
500 , 137
498 , 139
499 , 140
497 , 141
496 , 142
498 , 143
497 , 145
496 , 146
495 , 147
494 , 148
493 , 148
492 , 147
490 , 149
489 , 151
491 , 151
487 , 153
486 , 153
485 , 153
484 , 153
482 , 152
479 , 153
477 , 152
476 , 151
476 , 155
477 , 156
475 , 157
476 , 159
477 , 160
478 , 161
475 , 161
474 , 161
473 , 163
472 , 164
471 , 165
471 , 169
470 , 169
469 , 171
468 , 172
467 , 175
468 , 176
469 , 175
469 , 179
468 , 180
467 , 179
470 , 182
469 , 183
468 , 184
470 , 186
471 , 186
472 , 186
473 , 188
472 , 190
473 , 192
474 , 191
476 , 192
475 , 194
476 , 196
477 , 197
478 , 197
478 , 201
479 , 201
480 , 202
482 , 203
483 , 204
481 , 205
482 , 207
483 , 208
484 , 209
485 , 211
486 , 211
487 , 209
488 , 207
488 , 203
489 , 202
490 , 203
490 , 199
491 , 199
492 , 198
493 , 195
492 , 194
494 , 193
495 , 192
496 , 191
497 , 189
498 , 187
499 , 187
500 , 185
501 , 184
499 , 183
500 , 181
501 , 180
502 , 178
503 , 179
504 , 177
503 , 175
504 , 173
505 , 173
506 , 172
505 , 169
506 , 168
507 , 168
508 , 168
508 , 164
507 , 164
509 , 164
510 , 162
509 , 160
508 , 160
510 , 158
511 , 157
512 , 155
510 , 154
511 , 153
502 , 182
483 , 184
482 , 183
481 , 182
480 , 180
481 , 178
482 , 179
480 , 176
479 , 175
481 , 174
480 , 172
479 , 171
478 , 169
479 , 167
480 , 168
478 , 165
477 , 164
462 , 151
460 , 152
458 , 152
459 , 150
459 , 154
457 , 155
458 , 156
456 , 157
457 , 159
456 , 161
455 , 161
453 , 162
452 , 163
454 , 164
455 , 165
456 , 165
457 , 163
454 , 168
455 , 169
453 , 170
454 , 172
455 , 173
453 , 174
454 , 176
455 , 177
453 , 178
454 , 180
453 , 182
454 , 184
452 , 185
453 , 186
454 , 188
453 , 190
454 , 192
455 , 192
453 , 194
454 , 196
455 , 196
453 , 198
454 , 200
455 , 200
455 , 204
454 , 204
456 , 204
456 , 208
455 , 208
454 , 208
455 , 212
456 , 212
457 , 212
457 , 216
456 , 216
458 , 217
457 , 220
456 , 220
458 , 221
457 , 224
458 , 225
459 , 224
459 , 228
458 , 229
460 , 229
461 , 231
459 , 232
460 , 233
461 , 235
460 , 237
461 , 239
462 , 240
463 , 241
461 , 243
462 , 244
463 , 245
462 , 248
463 , 249
464 , 249
464 , 253
463 , 253
465 , 255
464 , 257
463 , 257
465 , 259
464 , 261
465 , 263
466 , 262
464 , 265
465 , 267
466 , 266
467 , 268
466 , 270
465 , 271
467 , 272
466 , 274
465 , 275
467 , 276
466 , 278
465 , 279
467 , 280
466 , 282
465 , 283
464 , 284
466 , 286
465 , 287
464 , 288
466 , 290
465 , 291
464 , 292
466 , 294
465 , 295
464 , 296
465 , 299
464 , 300
463 , 301
465 , 303
464 , 304
463 , 305
465 , 307
464 , 308
463 , 309
462 , 308
482 , 302
483 , 301
484 , 303
483 , 305
484 , 307
485 , 308
483 , 309
484 , 311
485 , 312
489 , 310
490 , 308
489 , 306
488 , 306
488 , 302
489 , 302
489 , 298
488 , 298
487 , 298
487 , 294
488 , 294
488 , 290
487 , 290
486 , 289
487 , 286
486 , 285
487 , 282
486 , 281
485 , 278
486 , 277
487 , 278
487 , 274
486 , 273
485 , 274
485 , 270
486 , 269
487 , 270
487 , 266
486 , 265
485 , 266
485 , 262
486 , 261
487 , 262
487 , 258
486 , 257
485 , 258
485 , 254
486 , 253
487 , 254
487 , 250
486 , 249
485 , 250
485 , 246
486 , 245
487 , 246
487 , 242
486 , 241
485 , 242
485 , 238
486 , 237
487 , 238
487 , 234
486 , 233
485 , 234
481 , 234
480 , 234
479 , 237
480 , 238
481 , 238
479 , 241
480 , 242
479 , 245
480 , 246
478 , 247
479 , 249
480 , 250
478 , 251
479 , 253
480 , 254
478 , 255
479 , 257
480 , 258
478 , 259
479 , 261
480 , 262
478 , 263
479 , 265
480 , 266
478 , 267
479 , 269
480 , 270
478 , 271
479 , 273
480 , 274
478 , 275
479 , 277
480 , 278
479 , 281
480 , 282
481 , 283
479 , 285
480 , 286
481 , 287
480 , 290
481 , 291
482 , 290
482 , 294
481 , 295
483 , 297
482 , 298
490 , 315
491 , 318
491 , 322
492 , 322
493 , 325
492 , 326
493 , 329
494 , 331
495 , 332
494 , 335
495 , 336
493 , 337
492 , 337
491 , 335
490 , 334
490 , 330
489 , 328
488 , 328
488 , 324
487 , 323
486 , 321
487 , 319
485 , 318
486 , 317
508 , 314
509 , 314
510 , 314
511 , 317
510 , 318
509 , 318
511 , 321
510 , 322
512 , 323
511 , 325
512 , 327
513 , 326
515 , 328
514 , 329
513 , 330
515 , 332
516 , 332
517 , 334
520 , 336
522 , 336
523 , 338
524 , 338
525 , 340
526 , 339
527 , 340
528 , 340
530 , 340
531 , 340
532 , 339
533 , 339
534 , 340
535 , 338
536 , 339
537 , 338
538 , 337
539 , 338
540 , 338
541 , 336
542 , 335
543 , 332
542 , 331
543 , 328
544 , 326
545 , 325
545 , 321
546 , 319
545 , 317
546 , 315
547 , 312
546 , 311
547 , 308
546 , 307
548 , 306
547 , 304
546 , 303
548 , 302
547 , 300
559 , 306
561 , 305
562 , 305
564 , 306
567 , 306
568 , 305
569 , 305
570 , 303
571 , 302
572 , 301
573 , 299
578 , 297
579 , 295
580 , 296
579 , 299
580 , 300
581 , 299
581 , 303
580 , 304
579 , 303
579 , 307
577 , 308
576 , 307
571 , 306
570 , 307
569 , 309
568 , 309
568 , 313
567 , 313
566 , 314
567 , 317
566 , 318
565 , 318
567 , 321
566 , 322
565 , 322
564 , 324
565 , 326
566 , 326
564 , 328
565 , 330
566 , 330
564 , 332
565 , 334
566 , 334
564 , 336
565 , 338
564 , 340
566 , 340
565 , 342
564 , 344
566 , 344
565 , 346
564 , 348
566 , 348
565 , 350
564 , 352
563 , 353
565 , 354
564 , 356
563 , 357
562 , 358
564 , 360
563 , 361
562 , 362
561 , 361
560 , 362
561 , 365
560 , 366
559 , 366
558 , 367
559 , 370
558 , 371
557 , 371
557 , 375
558 , 375
559 , 377
558 , 379
557 , 379
559 , 381
560 , 381
560 , 385
559 , 385
561 , 385
561 , 389
560 , 389
558 , 391
559 , 392
560 , 393
561 , 393
559 , 396
560 , 397
558 , 399
559 , 400
557 , 402
558 , 403
559 , 404
557 , 406
556 , 406
555 , 408
554 , 409
553 , 411
552 , 413
551 , 415
550 , 417
549 , 417
549 , 421
550 , 421
548 , 422
547 , 421
546 , 423
547 , 425
546 , 427
545 , 428
544 , 428
544 , 432
543 , 432
545 , 432
542 , 435
543 , 436
542 , 439
541 , 439
540 , 439
540 , 443
541 , 443
540 , 447
539 , 447
538 , 448
537 , 448
536 , 448
535 , 448
533 , 448
529 , 448
526 , 449
525 , 448
522 , 449
521 , 448
519 , 447
518 , 449
516 , 449
514 , 448
513 , 447
510 , 449
508 , 448
509 , 447
505 , 448
504 , 444
503 , 444
502 , 442
503 , 440
504 , 440
502 , 438
501 , 436
503 , 436
502 , 434
501 , 432
503 , 432
502 , 430
501 , 428
500 , 427
502 , 426
501 , 424
500 , 423
502 , 422
501 , 420
500 , 419
499 , 420
502 , 418
501 , 416
500 , 415
499 , 416
502 , 414
501 , 412
500 , 411
499 , 412
502 , 410
501 , 408
500 , 407
499 , 408
498 , 405
499 , 404
500 , 403
501 , 404
502 , 402
501 , 400
500 , 399
499 , 400
498 , 401
502 , 398
501 , 396
500 , 395
499 , 396
502 , 394
501 , 392
500 , 391
499 , 392
502 , 390
501 , 388
500 , 387
499 , 388
502 , 386
501 , 384
500 , 383
502 , 382
501 , 380
503 , 380
503 , 405
502 , 406
503 , 424
503 , 428
500 , 444
498 , 445
497 , 444
495 , 445
494 , 444
493 , 446
490 , 446
489 , 446
488 , 446
487 , 445
488 , 442
487 , 441
486 , 440
488 , 438
487 , 437
486 , 436
485 , 437
485 , 433
484 , 433
483 , 431
484 , 429
485 , 429
483 , 427
482 , 428
482 , 424
481 , 423
483 , 423
482 , 420
481 , 419
479 , 419
480 , 417
478 , 416
479 , 415
477 , 413
478 , 412
476 , 410
475 , 409
477 , 409
476 , 406
475 , 405
474 , 406
474 , 402
473 , 402
475 , 401
474 , 398
473 , 398
472 , 396
473 , 394
474 , 394
472 , 392
473 , 390
471 , 389
472 , 388
473 , 386
471 , 385
472 , 384
473 , 382
471 , 381
472 , 380
473 , 378
471 , 377
472 , 376
473 , 374
472 , 372
473 , 370
474 , 369
472 , 368
473 , 366
474 , 365
472 , 364
473 , 362
474 , 359
473 , 358
472 , 358
467 , 360
466 , 361
465 , 358
464 , 357
466 , 357
463 , 353
463 , 349
458 , 347
457 , 348
456 , 347
456 , 351
455 , 352
454 , 355
452 , 355
453 , 357
452 , 359
451 , 359
450 , 361
449 , 362
448 , 364
449 , 366
450 , 365
451 , 363
447 , 367
448 , 368
446 , 369
447 , 371
446 , 373
445 , 373
444 , 375
445 , 377
443 , 378
442 , 379
444 , 379
443 , 382
442 , 383
441 , 382
441 , 386
440 , 386
442 , 387
441 , 390
440 , 390
439 , 390
439 , 394
440 , 394
441 , 394
440 , 398
439 , 398
439 , 402
440 , 402
441 , 402
441 , 406
440 , 406
439 , 406
439 , 410
440 , 410
441 , 410
441 , 414
440 , 414
440 , 418
439 , 418
441 , 418
442 , 420
443 , 421
444 , 422
442 , 424
443 , 425
444 , 426
442 , 428
443 , 429
444 , 430
442 , 432
443 , 433
444 , 434
442 , 436
443 , 437
444 , 438
445 , 439
443 , 441
442 , 440
444 , 442
445 , 443
443 , 445
442 , 444
444 , 446
445 , 447
443 , 449
442 , 448
444 , 450
443 , 453
444 , 454
442 , 455
443 , 457
444 , 458
445 , 457
442 , 459
443 , 461
444 , 462
445 , 461
442 , 463
443 , 465
444 , 466
445 , 465
442 , 467
441 , 469
440 , 470
439 , 473
440 , 474
438 , 476
439 , 477
437 , 479
438 , 480
437 , 483
436 , 485
435 , 490
434 , 490
432 , 491
431 , 491
433 , 492
432 , 495
431 , 495
430 , 498
431 , 499
432 , 499
429 , 500
428 , 502
430 , 502
432 , 503
432 , 507
433 , 510
432 , 511
434 , 511
435 , 513
433 , 514
432 , 515
434 , 515
433 , 518
432 , 519
434 , 519
433 , 522
432 , 523
431 , 524
433 , 526
432 , 527
431 , 528
433 , 530
432 , 531
431 , 532
430 , 533
431 , 536
430 , 537
429 , 537
429 , 541
430 , 541
428 , 542
427 , 542
426 , 544
425 , 545
423 , 546
424 , 547
421 , 549
422 , 550
419 , 550
418 , 549
417 , 550
416 , 551
418 , 553
417 , 554
416 , 555
415 , 555
414 , 556
413 , 555
412 , 555
409 , 555
408 , 556
406 , 557
405 , 558
404 , 559
403 , 558
402 , 560
401 , 561
400 , 560
399 , 562
398 , 563
396 , 564
394 , 563
395 , 562
393 , 561
392 , 562
391 , 560
392 , 558
393 , 557
391 , 556
392 , 554
393 , 553
394 , 553
394 , 549
395 , 549
396 , 549
397 , 548
396 , 545
397 , 544
398 , 545
399 , 544
401 , 541
400 , 540
399 , 540
402 , 538
403 , 536
404 , 537
405 , 535
406 , 533
407 , 533
408 , 531
410 , 528
411 , 529
412 , 527
413 , 528
414 , 525
413 , 524
412 , 523
411 , 521
409 , 520
410 , 519
408 , 517
407 , 516
409 , 516
408 , 513
407 , 512
406 , 511
405 , 510
404 , 509
406 , 507
405 , 506
404 , 505
403 , 505
402 , 503
401 , 502
403 , 501
402 , 499
401 , 498
400 , 498
398 , 496
399 , 495
400 , 494
398 , 492
397 , 491
399 , 491
396 , 488
395 , 488
397 , 487
396 , 484
395 , 484
394 , 484
393 , 483
394 , 480
395 , 480
393 , 479
392 , 479
392 , 475
393 , 475
391 , 474
390 , 472
391 , 470
392 , 471
390 , 468
391 , 466
392 , 467
390 , 464
391 , 462
389 , 461
390 , 460
391 , 458
389 , 457
390 , 456
391 , 454
389 , 453
390 , 452
391 , 450
389 , 449
390 , 448
391 , 446
389 , 445
390 , 444
391 , 442
389 , 441
390 , 440
388 , 438
387 , 438
389 , 437
388 , 434
387 , 434
386 , 435
385 , 433
384 , 431
386 , 431
385 , 429
383 , 428
382 , 428
384 , 427
383 , 424
382 , 424
381 , 423
380 , 420
381 , 419
382 , 418
380 , 416
378 , 415
379 , 414
377 , 413
378 , 411
379 , 410
377 , 409
376 , 409
375 , 409
374 , 406
373 , 403
373 , 399
372 , 399
371 , 399
371 , 395
372 , 395
370 , 393
371 , 391
369 , 390
370 , 389
369 , 386
368 , 385
370 , 385
369 , 382
368 , 381
367 , 378
368 , 377
369 , 378
367 , 374
368 , 373
366 , 372
367 , 370
368 , 369
366 , 368
367 , 366
366 , 364
365 , 364
367 , 362
366 , 360
365 , 360
367 , 358
366 , 356
365 , 356
365 , 352
366 , 352
364 , 351
365 , 348
366 , 348
364 , 347
365 , 344
366 , 344
364 , 343
365 , 340
359 , 340
358 , 339
358 , 343
359 , 344
357 , 345
358 , 347
359 , 348
357 , 349
355 , 353
354 , 354
355 , 357
354 , 358
353 , 359
354 , 362
353 , 363
354 , 366
353 , 367
353 , 371
354 , 372
356 , 373
357 , 374
356 , 377
355 , 378
357 , 378
356 , 381
355 , 382
353 , 383
354 , 384
352 , 385
353 , 387
354 , 388
355 , 386
356 , 385
354 , 380
353 , 379
354 , 376
353 , 375
357 , 370
358 , 369
358 , 365
359 , 364
358 , 361
359 , 360
358 , 357
359 , 356
377 , 357
379 , 357
378 , 355
379 , 353
378 , 351
377 , 351
379 , 349
380 , 349
378 , 347
379 , 345
380 , 345
378 , 343
379 , 341
380 , 341
381 , 339
380 , 337
379 , 337
381 , 335
380 , 333
381 , 331
382 , 329
383 , 321
382 , 320
384 , 319
383 , 317
384 , 315
385 , 315
383 , 313
384 , 311
385 , 311
386 , 311
386 , 307
385 , 307
387 , 305
386 , 303
388 , 303
387 , 301
388 , 299
387 , 297
388 , 295
389 , 296
390 , 293
389 , 292
391 , 292
390 , 289
391 , 288
390 , 285
391 , 284
392 , 285
393 , 284
392 , 281
393 , 280
394 , 279
392 , 277
393 , 276
394 , 275
395 , 276
395 , 272
394 , 271
393 , 272
396 , 270
395 , 268
394 , 267
396 , 266
395 , 264
394 , 263
396 , 262
395 , 260
394 , 259
396 , 258
395 , 256
394 , 255
396 , 254
395 , 252
394 , 251
393 , 248
394 , 247
395 , 248
393 , 244
392 , 244
391 , 242
392 , 240
391 , 238
390 , 237
389 , 238
389 , 234
388 , 234
387 , 231
386 , 231
385 , 229
384 , 228
386 , 227
383 , 225
382 , 224
384 , 224
381 , 222
380 , 220
379 , 220
378 , 219
377 , 218
376 , 216
375 , 216
374 , 216
373 , 217
370 , 215
371 , 213
372 , 212
373 , 213
370 , 211
369 , 212
367 , 211
368 , 210
371 , 209
372 , 208
373 , 209
373 , 205
374 , 205
372 , 204
364 , 207
363 , 207
362 , 206
361 , 207
360 , 208
359 , 208
358 , 208
355 , 205
353 , 206
347 , 199
346 , 199
345 , 198
345 , 194
344 , 194
343 , 194
342 , 195
341 , 192
340 , 192
342 , 191
361 , 173
383 , 166
387 , 166
391 , 158
432 , 161
433 , 162
434 , 160
435 , 161
481 , 186
482 , 187
483 , 188
481 , 190
482 , 191
483 , 192
482 , 195
483 , 196
484 , 195
484 , 199
483 , 200
484 , 213
485 , 215
486 , 215
484 , 217
483 , 218
485 , 219
486 , 219
487 , 220
488 , 222
489 , 221
484 , 221
483 , 222
482 , 223
481 , 226
482 , 227
481 , 230
480 , 230
486 , 229
490 , 226
491 , 226
492 , 229
491 , 230
493 , 230
494 , 231
492 , 233
493 , 234
494 , 235
495 , 235
495 , 239
494 , 239
496 , 239
497 , 240
496 , 243
497 , 244
498 , 243
498 , 247
497 , 248
499 , 248
498 , 251
499 , 252
500 , 252
501 , 255
500 , 256
499 , 256
501 , 259
500 , 260
502 , 260
501 , 263
502 , 264
503 , 264
501 , 267
502 , 268
503 , 268
504 , 271
503 , 272
502 , 272
504 , 275
503 , 276
502 , 276
505 , 277
504 , 279
503 , 280
505 , 281
504 , 283
503 , 284
505 , 285
504 , 287
505 , 289
506 , 288
504 , 291
505 , 293
506 , 292
507 , 293
506 , 296
505 , 297
507 , 297
506 , 300
507 , 301
508 , 302
506 , 304
507 , 305
508 , 306
509 , 306
507 , 309
508 , 310
509 , 310
521 , 339
529 , 348
539 , 351
540 , 352
541 , 352
539 , 355
538 , 356
537 , 356
537 , 360
536 , 361
535 , 361
535 , 365
534 , 365
536 , 365
533 , 367
534 , 369
535 , 369
533 , 371
532 , 372
534 , 373
533 , 375
532 , 376
534 , 377
533 , 379
534 , 381
535 , 381
535 , 385
534 , 385
536 , 387
537 , 388
538 , 389
540 , 390
541 , 389
542 , 390
543 , 388
544 , 389
542 , 386
541 , 385
543 , 384
542 , 382
541 , 381
543 , 380
542 , 378
541 , 377
540 , 376
542 , 374
541 , 373
540 , 372
542 , 370
543 , 372
543 , 376
539 , 392
540 , 394
541 , 393
541 , 397
542 , 397
543 , 397
545 , 397
548 , 397
550 , 395
551 , 395
549 , 394
552 , 393
553 , 393
554 , 392
555 , 392
556 , 392
558 , 407
557 , 410
556 , 410
558 , 411
557 , 414
558 , 415
557 , 418
558 , 419
556 , 420
557 , 422
555 , 423
556 , 424
557 , 426
555 , 427
556 , 428
555 , 431
554 , 431
556 , 432
555 , 435
554 , 435
556 , 436
555 , 439
554 , 439
553 , 440
554 , 443
555 , 443
553 , 444
554 , 447
555 , 447
553 , 448
552 , 450
551 , 451
549 , 451
548 , 449
547 , 449
546 , 449
544 , 449
543 , 450
541 , 449
542 , 448
540 , 451
539 , 451
539 , 455
540 , 455
541 , 457
540 , 459
539 , 459
541 , 461
540 , 463
541 , 465
542 , 464
540 , 467
541 , 469
542 , 468
542 , 472
543 , 472
541 , 473
542 , 476
543 , 476
544 , 476
545 , 479
544 , 480
543 , 480
545 , 483
544 , 484
546 , 484
545 , 487
546 , 488
547 , 489
545 , 491
546 , 492
547 , 493
548 , 493
546 , 496
547 , 497
548 , 497
549 , 500
548 , 501
547 , 501
549 , 504
548 , 505
550 , 503
550 , 507
549 , 508
551 , 509
550 , 511
551 , 513
550 , 515
552 , 515
551 , 517
552 , 519
553 , 518
551 , 521
552 , 523
553 , 522
554 , 522
554 , 526
553 , 526
552 , 527
553 , 530
554 , 530
554 , 534
553 , 534
555 , 535
554 , 538
553 , 538
555 , 539
554 , 542
553 , 542
552 , 544
553 , 546
554 , 546
552 , 548
553 , 550
554 , 550
552 , 552
551 , 554
553 , 554
552 , 556
551 , 558
553 , 558
552 , 560
550 , 561
551 , 562
552 , 564
550 , 565
549 , 564
551 , 566
549 , 568
550 , 569
549 , 572
548 , 573
550 , 573
549 , 576
548 , 577
547 , 578
548 , 581
547 , 582
549 , 584
550 , 584
551 , 584
552 , 585
554 , 582
555 , 580
556 , 579
557 , 578
558 , 579
559 , 580
560 , 576
561 , 576
562 , 576
563 , 576
565 , 574
567 , 574
566 , 572
568 , 571
569 , 572
570 , 572
571 , 571
572 , 569
573 , 569
574 , 568
575 , 568
576 , 569
577 , 569
578 , 567
579 , 568
580 , 566
581 , 567
582 , 565
583 , 566
584 , 565
586 , 564
587 , 565
588 , 565
590 , 563
591 , 563
592 , 563
593 , 564
595 , 562
548 , 585
547 , 586
546 , 588
544 , 588
543 , 590
542 , 591
540 , 592
539 , 591
538 , 592
537 , 594
536 , 595
535 , 595
534 , 594
533 , 594
529 , 595
530 , 597
529 , 599
528 , 601
530 , 601
529 , 603
528 , 605
530 , 605
529 , 607
528 , 609
527 , 610
526 , 613
525 , 613
527 , 614
524 , 616
523 , 616
525 , 617
524 , 620
523 , 620
522 , 620
521 , 623
520 , 623
522 , 624
519 , 626
520 , 627
518 , 628
519 , 630
520 , 631
518 , 632
519 , 634
520 , 635
518 , 636
519 , 638
520 , 639
521 , 639
519 , 642
520 , 643
521 , 643
522 , 645
545 , 645
546 , 644
547 , 645
548 , 644
549 , 641
551 , 640
552 , 639
553 , 638
554 , 636
555 , 637
554 , 640
555 , 633
556 , 633
554 , 632
555 , 629
556 , 629
554 , 628
555 , 625
556 , 625
554 , 624
553 , 624
555 , 621
554 , 620
553 , 620
552 , 617
553 , 616
551 , 615
550 , 616
550 , 612
549 , 611
548 , 612
547 , 611
546 , 608
547 , 607
548 , 608
545 , 606
544 , 604
546 , 604
545 , 602
544 , 600
546 , 600
545 , 598
544 , 596
546 , 596
545 , 594
546 , 592
545 , 590
547 , 590
532 , 584
531 , 582
532 , 580
533 , 579
532 , 576
531 , 576
530 , 576
527 , 578
525 , 578
524 , 577
525 , 574
524 , 573
526 , 572
525 , 570
524 , 569
526 , 568
525 , 566
524 , 565
526 , 564
525 , 562
524 , 561
526 , 560
525 , 558
524 , 557
526 , 556
525 , 554
524 , 553
523 , 551
524 , 549
525 , 550
523 , 547
524 , 545
522 , 544
521 , 545
523 , 543
521 , 541
520 , 541
519 , 539
520 , 537
519 , 535
518 , 535
517 , 534
516 , 534
516 , 530
517 , 530
515 , 529
514 , 528
515 , 525
514 , 524
513 , 524
512 , 524
511 , 522
512 , 520
513 , 520
511 , 518
510 , 518
512 , 516
511 , 514
510 , 514
509 , 513
510 , 510
511 , 510
509 , 509
510 , 506
511 , 506
509 , 505
510 , 502
511 , 502
509 , 501
510 , 498
511 , 498
509 , 497
510 , 494
511 , 494
509 , 493
510 , 490
511 , 490
509 , 489
510 , 486
511 , 486
512 , 485
511 , 482
510 , 482
512 , 481
511 , 478
510 , 478
509 , 478
509 , 474
510 , 474
511 , 474
509 , 470
508 , 469
506 , 469
505 , 468
504 , 466
506 , 465
507 , 466
504 , 470
503 , 471
502 , 472
501 , 474
502 , 476
503 , 475
501 , 478
500 , 479
502 , 480
501 , 482
500 , 483
499 , 482
499 , 486
500 , 487
501 , 486
498 , 489
499 , 490
500 , 491
498 , 493
499 , 494
500 , 495
498 , 497
499 , 498
497 , 500
498 , 501
499 , 502
497 , 504
498 , 505
499 , 506
497 , 508
498 , 509
499 , 510
498 , 513
499 , 514
500 , 514
498 , 517
499 , 518
500 , 518
498 , 521
499 , 522
500 , 522
501 , 524
500 , 526
499 , 526
501 , 528
500 , 530
499 , 530
501 , 532
500 , 534
502 , 534
501 , 536
500 , 538
502 , 538
501 , 540
502 , 542
503 , 541
501 , 544
502 , 546
503 , 545
504 , 548
503 , 549
502 , 550
504 , 552
503 , 553
502 , 554
504 , 556
503 , 557
505 , 558
504 , 560
503 , 561
505 , 562
504 , 564
503 , 565
505 , 566
504 , 568
503 , 569
505 , 570
504 , 572
503 , 573
502 , 572
501 , 574
502 , 576
500 , 577
501 , 578
499 , 579
498 , 579
497 , 580
496 , 582
495 , 582
494 , 582
492 , 583
491 , 583
490 , 585
489 , 586
488 , 586
487 , 586
486 , 587
485 , 588
484 , 589
482 , 591
481 , 590
480 , 590
479 , 592
478 , 592
477 , 591
476 , 592
473 , 594
472 , 592
471 , 592
470 , 592
469 , 592
467 , 593
466 , 593
464 , 593
465 , 595
462 , 595
461 , 595
460 , 596
459 , 596
459 , 600
458 , 600
460 , 600
461 , 602
463 , 602
464 , 602
462 , 604
465 , 605
466 , 604
467 , 604
468 , 605
469 , 605
470 , 605
471 , 605
472 , 605
474 , 605
475 , 605
476 , 607
477 , 607
480 , 607
481 , 607
483 , 605
484 , 607
485 , 607
486 , 607
487 , 605
488 , 606
490 , 606
491 , 605
492 , 605
494 , 605
495 , 605
496 , 605
497 , 604
498 , 603
499 , 603
500 , 602
502 , 602
503 , 600
504 , 601
505 , 601
507 , 600
508 , 600
509 , 602
512 , 603
514 , 603
513 , 601
515 , 601
517 , 602
518 , 601
519 , 602
520 , 600
521 , 601
522 , 600
522 , 596
523 , 596
524 , 594
526 , 592
527 , 591
528 , 592
525 , 590
526 , 588
527 , 587
528 , 588
529 , 587
530 , 586
531 , 586
526 , 584
525 , 582
524 , 581
526 , 580
525 , 586
493 , 584
468 , 594
444 , 570
443 , 571
442 , 570
440 , 571
439 , 571
437 , 571
435 , 572
433 , 572
432 , 572
434 , 570
431 , 569
429 , 570
428 , 570
427 , 569
426 , 570
425 , 570
424 , 571
423 , 569
420 , 570
419 , 572
421 , 572
418 , 575
416 , 575
415 , 577
414 , 577
413 , 578
411 , 579
410 , 579
409 , 581
408 , 583
410 , 583
407 , 585
406 , 584
405 , 586
404 , 586
403 , 585
402 , 586
401 , 586
399 , 587
398 , 586
397 , 586
396 , 584
397 , 582
398 , 582
399 , 580
398 , 578
397 , 578
399 , 576
400 , 577
400 , 573
401 , 573
402 , 572
404 , 570
403 , 569
405 , 569
406 , 567
407 , 568
408 , 566
409 , 564
410 , 562
411 , 562
412 , 563
413 , 561
414 , 560
415 , 559
407 , 558
417 , 546
416 , 544
418 , 544
417 , 542
415 , 541
416 , 540
417 , 538
415 , 537
416 , 536
414 , 535
415 , 533
416 , 532
414 , 531
411 , 525
415 , 523
417 , 520
418 , 520
416 , 519
418 , 516
419 , 517
420 , 517
422 , 514
421 , 513
420 , 513
422 , 510
423 , 510
424 , 510
425 , 508
426 , 506
427 , 504
436 , 506
437 , 506
438 , 506
439 , 503
438 , 502
437 , 502
439 , 499
438 , 498
440 , 496
439 , 495
441 , 493
440 , 492
442 , 492
441 , 489
442 , 488
443 , 488
444 , 486
443 , 484
442 , 484
444 , 482
443 , 480
444 , 478
445 , 479
445 , 475
444 , 474
445 , 471
444 , 470
443 , 469
430 , 474
429 , 475
428 , 474
429 , 471
428 , 470
427 , 470
426 , 468
427 , 466
428 , 466
426 , 464
425 , 465
424 , 463
425 , 461
426 , 460
424 , 459
423 , 458
424 , 455
423 , 454
422 , 454
421 , 454
421 , 450
422 , 450
420 , 449
419 , 447
420 , 445
421 , 446
419 , 443
420 , 441
421 , 442
419 , 439
418 , 438
420 , 437
419 , 435
418 , 434
420 , 433
419 , 431
418 , 430
420 , 429
419 , 427
420 , 425
419 , 423
418 , 421
417 , 421
415 , 420
414 , 421
413 , 419
412 , 417
411 , 417
410 , 415
411 , 413
410 , 411
409 , 411
408 , 410
407 , 411
405 , 410
404 , 411
403 , 410
402 , 410
401 , 412
398 , 413
397 , 411
394 , 414
393 , 415
392 , 414
391 , 413
390 , 415
389 , 415
388 , 414
386 , 415
385 , 415
387 , 416
379 , 418
378 , 407
377 , 405
378 , 403
377 , 401
378 , 399
377 , 397
378 , 395
377 , 393
376 , 391
378 , 391
377 , 389
376 , 387
378 , 387
377 , 385
376 , 383
378 , 383
377 , 381
376 , 379
378 , 379
377 , 377
376 , 375
378 , 375
377 , 373
376 , 371
378 , 371
377 , 369
376 , 367
378 , 367
377 , 365
378 , 363
377 , 361
379 , 361
378 , 359
411 , 369
412 , 366
414 , 365
415 , 365
416 , 366
417 , 369
416 , 370
417 , 373
416 , 374
418 , 375
417 , 377
416 , 378
418 , 379
417 , 381
416 , 382
418 , 383
417 , 385
416 , 386
418 , 387
417 , 389
416 , 390
418 , 391
417 , 393
416 , 394
418 , 395
417 , 397
416 , 398
418 , 399
417 , 401
416 , 402
418 , 403
417 , 405
416 , 406
415 , 409
416 , 410
417 , 409
414 , 411
413 , 410
412 , 410
411 , 409
409 , 407
410 , 405
408 , 404
409 , 403
407 , 401
408 , 400
409 , 399
407 , 397
408 , 396
409 , 395
407 , 393
408 , 392
409 , 391
407 , 389
408 , 388
409 , 387
410 , 385
408 , 384
409 , 383
410 , 381
408 , 380
409 , 379
410 , 377
409 , 375
410 , 373
411 , 373
413 , 363
414 , 361
415 , 361
459 , 343
465 , 364
466 , 365
467 , 364
465 , 368
464 , 369
466 , 369
465 , 372
464 , 373
463 , 375
464 , 377
465 , 376
463 , 379
462 , 380
461 , 381
463 , 383
462 , 384
461 , 385
460 , 384
459 , 386
460 , 388
459 , 390
458 , 391
457 , 392
456 , 395
455 , 395
457 , 396
458 , 395
456 , 399
455 , 399
454 , 398
453 , 400
452 , 402
454 , 402
453 , 404
452 , 406
451 , 406
450 , 409
451 , 410
452 , 410
449 , 411
450 , 413
448 , 414
449 , 415
450 , 417
448 , 418
449 , 419
447 , 420
446 , 420
441 , 422
435 , 421
433 , 421
432 , 420
431 , 420
429 , 420
427 , 421
425 , 421
423 , 420
422 , 420
421 , 420
420 , 421
424 , 418
426 , 418
427 , 417
428 , 418
430 , 417
434 , 416
436 , 417
480 , 421
486 , 432
496 , 446
552 , 454
553 , 452
554 , 451
497 , 345
495 , 344
494 , 343
496 , 343
495 , 340
494 , 339
496 , 339
467 , 284
460 , 241
388 , 230
376 , 236
375 , 236
374 , 237
373 , 235
372 , 233
374 , 233
373 , 231
372 , 229
371 , 229
373 , 227
372 , 225
371 , 225
370 , 226
370 , 222
369 , 221
371 , 221
372 , 221
362 , 235
351 , 236
350 , 235
349 , 234
351 , 232
350 , 231
349 , 230
351 , 228
350 , 227
352 , 225
351 , 224
353 , 224
352 , 229
349 , 238
348 , 238
350 , 239
349 , 242
348 , 242
347 , 243
346 , 245
350 , 243
374 , 241
375 , 240
376 , 240
377 , 240
378 , 240
379 , 242
380 , 242
381 , 245
380 , 246
382 , 247
381 , 249
382 , 251
383 , 250
383 , 254
384 , 255
376 , 250
375 , 245
315 , 211
275 , 219
274 , 218
273 , 217
272 , 217
271 , 220
272 , 221
271 , 224
272 , 225
273 , 225
274 , 226
275 , 227
273 , 229
272 , 229
271 , 228
274 , 230
273 , 233
274 , 234
275 , 234
272 , 235
273 , 237
272 , 239
271 , 240
270 , 242
269 , 242
268 , 245
269 , 246
270 , 246
268 , 249
267 , 249
266 , 248
265 , 250
266 , 252
264 , 253
263 , 252
261 , 253
259 , 254
258 , 254
257 , 253
256 , 252
255 , 249
253 , 248
252 , 246
254 , 246
253 , 244
251 , 244
250 , 244
252 , 242
251 , 240
253 , 240
252 , 238
251 , 236
253 , 236
252 , 234
253 , 232
254 , 232
252 , 230
253 , 228
254 , 228
255 , 228
255 , 224
254 , 224
256 , 224
256 , 220
255 , 220
257 , 220
257 , 216
256 , 216
258 , 215
259 , 213
260 , 212
258 , 211
257 , 212
259 , 209
260 , 208
261 , 207
262 , 208
262 , 204
263 , 203
264 , 203
265 , 200
264 , 199
266 , 197
267 , 198
267 , 194
268 , 194
269 , 192
270 , 192
271 , 190
270 , 188
271 , 186
272 , 187
273 , 184
272 , 183
274 , 183
273 , 180
274 , 179
275 , 180
275 , 176
274 , 175
276 , 169
277 , 169
277 , 165
278 , 164
279 , 161
280 , 161
281 , 160
278 , 160
280 , 157
281 , 156
282 , 157
282 , 153
281 , 152
283 , 152
282 , 149
283 , 148
284 , 149
284 , 145
285 , 145
286 , 143
285 , 141
284 , 141
286 , 139
285 , 137
287 , 137
286 , 135
287 , 133
288 , 134
288 , 130
289 , 130
289 , 126
288 , 126
290 , 124
291 , 125
291 , 121
290 , 120
292 , 120
293 , 118
292 , 116
293 , 114
294 , 115
295 , 113
296 , 113
297 , 110
298 , 110
299 , 107
300 , 106
301 , 108
302 , 107
304 , 105
305 , 104
306 , 103
307 , 102
308 , 102
309 , 103
311 , 101
310 , 100
312 , 102
316 , 99
317 , 99
318 , 98
317 , 95
318 , 94
316 , 93
317 , 91
318 , 90
316 , 89
317 , 87
318 , 86
316 , 85
317 , 83
318 , 82
319 , 81
320 , 80
321 , 81
322 , 81
323 , 84
324 , 85
323 , 88
324 , 89
325 , 88
333 , 80
335 , 81
336 , 80
319 , 112
320 , 113
255 , 92
254 , 90
255 , 88
256 , 89
254 , 86
255 , 84
256 , 85
254 , 82
253 , 82
255 , 80
254 , 78
253 , 78
252 , 78
250 , 76
251 , 75
252 , 74
250 , 72
249 , 71
248 , 71
247 , 72
246 , 70
244 , 69
243 , 68
242 , 68
241 , 68
240 , 68
239 , 68
238 , 68
237 , 67
236 , 67
235 , 66
234 , 65
233 , 66
232 , 66
231 , 65
230 , 65
228 , 66
226 , 64
224 , 64
223 , 64
221 , 64
220 , 64
219 , 64
216 , 64
215 , 65
214 , 66
213 , 66
211 , 68
209 , 69
207 , 69
206 , 68
208 , 67
205 , 71
206 , 72
204 , 73
205 , 75
206 , 76
207 , 76
208 , 76
210 , 76
212 , 76
222 , 66
242 , 92
243 , 94
242 , 96
243 , 98
242 , 100
244 , 100
243 , 102
242 , 104
243 , 106
241 , 107
242 , 108
241 , 111
242 , 112
243 , 113
244 , 116
246 , 114
247 , 114
248 , 115
252 , 98
253 , 97
254 , 94
236 , 141
237 , 142
234 , 145
233 , 145
231 , 145
230 , 145
228 , 148
227 , 148
225 , 148
223 , 147
221 , 147
220 , 147
219 , 146
218 , 145
217 , 146
216 , 145
215 , 144
214 , 145
213 , 144
211 , 143
210 , 143
209 , 142
210 , 139
204 , 147
203 , 147
203 , 151
204 , 151
205 , 152
206 , 153
207 , 152
208 , 151
209 , 149
207 , 156
206 , 157
205 , 156
204 , 155
235 , 155
236 , 154
237 , 152
238 , 151
238 , 147
239 , 147
237 , 156
249 , 152
250 , 151
252 , 152
275 , 223
276 , 237
275 , 238
277 , 240
276 , 241
278 , 242
279 , 243
277 , 244
278 , 246
279 , 247
280 , 248
281 , 251
280 , 252
282 , 254
281 , 255
283 , 255
282 , 258
283 , 259
284 , 259
285 , 262
284 , 263
283 , 263
285 , 266
284 , 267
283 , 267
285 , 270
284 , 271
286 , 271
285 , 274
284 , 275
286 , 275
285 , 278
284 , 279
286 , 279
285 , 282
284 , 283
286 , 283
285 , 286
284 , 287
286 , 287
285 , 290
284 , 291
283 , 291
285 , 294
284 , 295
283 , 295
282 , 297
283 , 299
284 , 299
282 , 301
283 , 303
284 , 303
282 , 305
281 , 307
283 , 307
282 , 309
281 , 311
281 , 315
280 , 316
279 , 315
279 , 319
278 , 320
280 , 320
279 , 323
278 , 324
277 , 325
278 , 328
277 , 329
276 , 330
277 , 333
278 , 333
279 , 334
281 , 333
282 , 334
283 , 333
285 , 333
284 , 335
287 , 335
289 , 336
290 , 337
292 , 337
291 , 335
294 , 335
295 , 336
298 , 336
301 , 337
302 , 338
305 , 338
306 , 338
307 , 338
309 , 338
310 , 337
312 , 337
315 , 337
318 , 336
320 , 338
321 , 336
322 , 337
323 , 338
325 , 337
326 , 337
327 , 337
328 , 338
330 , 337
331 , 336
333 , 338
334 , 338
335 , 337
336 , 336
337 , 337
339 , 336
343 , 336
344 , 337
345 , 335
347 , 337
348 , 336
349 , 336
350 , 336
351 , 336
327 , 360
326 , 359
325 , 359
324 , 359
325 , 363
326 , 363
327 , 364
328 , 365
326 , 367
327 , 368
328 , 369
329 , 368
329 , 372
328 , 373
327 , 372
326 , 371
326 , 376
325 , 376
327 , 376
328 , 377
329 , 376
330 , 375
326 , 380
325 , 380
324 , 379
322 , 379
321 , 378
319 , 378
318 , 379
317 , 379
316 , 379
314 , 380
313 , 380
311 , 380
312 , 382
315 , 381
308 , 380
304 , 381
303 , 381
301 , 383
299 , 382
300 , 381
297 , 383
296 , 383
295 , 384
294 , 383
293 , 382
291 , 383
288 , 383
287 , 384
286 , 384
285 , 384
284 , 383
283 , 383
281 , 383
279 , 381
278 , 381
277 , 380
278 , 377
277 , 376
276 , 376
275 , 374
276 , 372
274 , 371
275 , 370
276 , 368
274 , 367
273 , 368
275 , 366
273 , 364
274 , 363
272 , 362
273 , 360
274 , 359
272 , 358
273 , 356
272 , 354
273 , 352
274 , 351
272 , 350
273 , 348
274 , 347
272 , 346
273 , 344
274 , 343
275 , 341
277 , 341
278 , 340
276 , 338
277 , 337
276 , 334
274 , 339
280 , 342
279 , 344
280 , 346
281 , 346
282 , 349
281 , 350
280 , 350
283 , 351
282 , 353
283 , 355
283 , 359
282 , 359
284 , 360
285 , 360
283 , 363
284 , 364
285 , 364
285 , 368
284 , 368
286 , 368
286 , 372
285 , 372
284 , 372
284 , 376
285 , 376
286 , 376
286 , 380
285 , 380
285 , 388
286 , 388
284 , 391
285 , 392
286 , 392
287 , 392
287 , 396
286 , 396
285 , 396
285 , 400
286 , 400
287 , 400
287 , 404
286 , 404
285 , 404
285 , 408
286 , 408
287 , 408
287 , 412
286 , 412
288 , 415
287 , 416
286 , 416
288 , 419
287 , 420
286 , 420
289 , 421
288 , 423
287 , 424
289 , 425
288 , 427
290 , 427
289 , 429
290 , 431
291 , 432
289 , 433
290 , 435
291 , 436
289 , 437
288 , 439
290 , 439
289 , 441
288 , 443
290 , 443
289 , 445
288 , 447
287 , 448
286 , 451
285 , 452
287 , 452
288 , 451
286 , 455
285 , 456
284 , 458
283 , 460
285 , 460
284 , 462
282 , 462
283 , 464
282 , 466
284 , 466
283 , 468
281 , 469
282 , 470
283 , 472
281 , 473
282 , 474
283 , 476
281 , 477
282 , 478
283 , 480
281 , 481
282 , 482
283 , 484
281 , 485
282 , 486
283 , 488
284 , 489
282 , 490
283 , 492
284 , 493
285 , 494
283 , 496
284 , 497
285 , 498
286 , 500
284 , 501
285 , 502
286 , 504
284 , 505
285 , 506
286 , 508
287 , 507
285 , 510
286 , 512
287 , 511
285 , 514
286 , 516
287 , 515
285 , 518
286 , 520
287 , 519
285 , 522
286 , 524
287 , 523
284 , 525
285 , 526
286 , 528
284 , 529
283 , 529
285 , 530
284 , 533
283 , 533
282 , 532
282 , 536
281 , 537
280 , 536
279 , 537
278 , 540
277 , 541
276 , 542
275 , 545
274 , 546
273 , 548
272 , 549
271 , 548
267 , 549
266 , 549
268 , 552
269 , 552
270 , 552
271 , 553
272 , 558
273 , 559
274 , 560
275 , 560
276 , 558
277 , 558
278 , 557
279 , 558
281 , 556
282 , 557
283 , 554
285 , 555
286 , 555
288 , 554
290 , 552
289 , 550
291 , 549
292 , 548
293 , 549
294 , 549
295 , 549
296 , 546
297 , 546
298 , 544
299 , 543
300 , 545
301 , 545
302 , 543
301 , 541
302 , 539
303 , 540
301 , 537
302 , 535
303 , 536
301 , 533
302 , 531
303 , 532
301 , 529
300 , 529
302 , 527
301 , 525
300 , 525
299 , 522
300 , 521
299 , 518
298 , 518
297 , 516
298 , 514
299 , 514
297 , 512
296 , 510
298 , 510
297 , 508
298 , 506
299 , 505
297 , 504
298 , 502
299 , 501
300 , 501
301 , 498
300 , 497
299 , 497
301 , 494
300 , 493
302 , 493
303 , 492
304 , 490
302 , 489
303 , 488
304 , 486
305 , 486
306 , 484
305 , 482
307 , 482
308 , 481
306 , 480
307 , 478
308 , 477
309 , 477
310 , 478
310 , 474
311 , 474
312 , 473
309 , 473
310 , 470
311 , 470
312 , 469
311 , 466
312 , 465
313 , 466
314 , 465
313 , 462
312 , 461
314 , 461
313 , 458
314 , 457
315 , 455
313 , 454
314 , 453
315 , 451
313 , 450
314 , 449
315 , 447
313 , 446
314 , 445
315 , 443
314 , 441
315 , 439
316 , 440
314 , 437
315 , 435
316 , 436
317 , 433
316 , 432
315 , 431
317 , 429
316 , 428
317 , 425
316 , 424
318 , 423
317 , 421
316 , 420
318 , 419
317 , 417
318 , 415
319 , 415
317 , 413
318 , 411
319 , 411
319 , 407
318 , 407
320 , 407
320 , 403
319 , 403
321 , 403
321 , 399
320 , 399
322 , 398
323 , 397
324 , 394
325 , 394
326 , 395
323 , 393
325 , 389
324 , 388
326 , 388
327 , 386
325 , 385
326 , 384
331 , 387
332 , 386
335 , 387
336 , 386
337 , 387
339 , 387
340 , 386
341 , 386
342 , 386
343 , 386
344 , 387
345 , 386
346 , 385
338 , 385
352 , 391
353 , 391
354 , 392
353 , 395
352 , 395
354 , 396
353 , 399
352 , 399
351 , 398
351 , 402
352 , 403
353 , 403
351 , 406
352 , 407
353 , 407
351 , 410
350 , 411
352 , 411
351 , 414
350 , 415
352 , 415
351 , 418
350 , 419
352 , 419
351 , 422
350 , 423
349 , 423
352 , 423
351 , 426
350 , 427
349 , 427
351 , 430
350 , 431
349 , 431
348 , 434
349 , 435
350 , 435
348 , 438
349 , 439
350 , 439
347 , 441
348 , 442
349 , 443
347 , 445
348 , 446
346 , 448
347 , 449
348 , 450
346 , 452
345 , 452
347 , 453
346 , 456
345 , 456
344 , 457
343 , 459
344 , 461
345 , 460
342 , 462
343 , 463
341 , 465
342 , 466
340 , 468
341 , 469
340 , 472
339 , 472
338 , 473
339 , 476
338 , 477
337 , 477
336 , 478
337 , 481
336 , 482
335 , 482
334 , 483
333 , 486
334 , 487
335 , 486
333 , 490
332 , 490
334 , 491
333 , 494
332 , 494
331 , 494
330 , 496
331 , 498
332 , 498
330 , 500
329 , 501
331 , 502
330 , 504
329 , 505
328 , 505
330 , 508
329 , 509
328 , 509
327 , 512
328 , 513
329 , 513
327 , 516
328 , 517
329 , 517
327 , 520
328 , 521
329 , 521
327 , 524
328 , 525
329 , 525
330 , 527
329 , 529
328 , 529
330 , 531
331 , 532
329 , 533
330 , 535
331 , 536
332 , 536
333 , 537
334 , 540
335 , 540
336 , 541
333 , 541
335 , 544
336 , 545
337 , 544
338 , 545
339 , 547
340 , 548
341 , 550
342 , 551
340 , 552
341 , 554
342 , 555
344 , 555
343 , 553
343 , 557
344 , 559
345 , 560
346 , 562
344 , 563
345 , 564
343 , 565
344 , 567
343 , 569
342 , 569
341 , 571
340 , 572
339 , 571
338 , 571
337 , 572
334 , 573
333 , 574
331 , 571
330 , 571
329 , 570
332 , 570
328 , 567
327 , 566
325 , 566
326 , 564
324 , 563
323 , 562
322 , 561
323 , 558
322 , 557
321 , 556
320 , 556
319 , 553
318 , 552
317 , 551
316 , 551
315 , 551
314 , 552
313 , 551
312 , 551
311 , 551
310 , 549
308 , 548
309 , 547
307 , 545
308 , 544
307 , 541
308 , 540
309 , 538
307 , 537
308 , 536
309 , 534
308 , 532
310 , 532
309 , 530
310 , 528
311 , 528
309 , 526
310 , 524
311 , 524
312 , 523
311 , 520
312 , 519
313 , 518
311 , 516
312 , 515
313 , 514
314 , 512
312 , 511
313 , 510
314 , 508
313 , 506
314 , 504
315 , 505
313 , 502
314 , 500
315 , 501
316 , 498
315 , 497
316 , 494
315 , 493
317 , 493
316 , 490
317 , 489
318 , 489
316 , 486
317 , 485
318 , 485
319 , 484
318 , 481
319 , 480
320 , 481
320 , 477
319 , 476
318 , 477
321 , 475
320 , 473
319 , 472
321 , 471
320 , 469
321 , 467
322 , 468
320 , 465
321 , 463
322 , 464
320 , 461
321 , 459
322 , 460
323 , 458
322 , 456
321 , 455
323 , 454
322 , 452
321 , 451
323 , 450
322 , 448
321 , 447
323 , 446
322 , 444
323 , 442
324 , 443
322 , 440
323 , 438
324 , 439
324 , 435
323 , 434
325 , 434
324 , 431
325 , 430
324 , 427
325 , 426
326 , 427
326 , 423
325 , 422
324 , 423
326 , 419
327 , 419
325 , 418
326 , 415
327 , 415
325 , 414
326 , 411
327 , 411
325 , 410
326 , 407
327 , 407
325 , 406
326 , 403
327 , 403
327 , 399
326 , 399
298 , 384
254 , 385
253 , 384
252 , 383
254 , 381
253 , 380
252 , 379
251 , 376
252 , 375
253 , 376
253 , 372
252 , 371
251 , 372
251 , 368
252 , 367
253 , 368
253 , 364
252 , 363
251 , 364
251 , 360
252 , 359
253 , 360
251 , 356
252 , 355
247 , 353
246 , 351
247 , 349
246 , 347
247 , 345
246 , 343
247 , 341
246 , 339
247 , 337
246 , 335
247 , 333
246 , 331
245 , 330
246 , 327
245 , 326
244 , 323
245 , 322
248 , 320
249 , 318
247 , 317
246 , 318
245 , 318
244 , 315
243 , 315
242 , 315
240 , 316
239 , 315
238 , 315
237 , 317
236 , 319
235 , 319
234 , 319
233 , 319
231 , 320
230 , 321
229 , 322
228 , 322
226 , 321
225 , 322
224 , 322
223 , 322
221 , 323
220 , 324
218 , 324
217 , 324
216 , 322
215 , 322
214 , 321
212 , 322
211 , 322
213 , 323
213 , 319
212 , 318
211 , 318
213 , 315
212 , 314
211 , 314
210 , 311
211 , 310
209 , 309
210 , 307
211 , 306
209 , 305
210 , 303
208 , 302
209 , 301
208 , 298
209 , 297
214 , 295
215 , 297
216 , 299
217 , 299
217 , 303
218 , 304
219 , 304
220 , 307
222 , 307
221 , 309
222 , 311
223 , 310
224 , 311
225 , 311
226 , 311
228 , 313
229 , 313
230 , 313
227 , 315
222 , 324
219 , 322
238 , 319
249 , 322
250 , 323
248 , 310
247 , 308
248 , 306
249 , 306
247 , 304
248 , 302
247 , 300
248 , 298
247 , 296
248 , 294
249 , 293
247 , 292
248 , 290
249 , 289
247 , 288
248 , 286
249 , 285
247 , 284
248 , 282
249 , 281
250 , 279
248 , 278
249 , 277
250 , 275
248 , 274
249 , 273
250 , 271
248 , 270
249 , 269
250 , 267
249 , 265
250 , 263
249 , 261
251 , 261
250 , 259
251 , 257
250 , 255
251 , 253
246 , 253
245 , 254
244 , 253
244 , 257
245 , 258
243 , 260
244 , 261
242 , 263
243 , 264
242 , 267
243 , 268
241 , 269
242 , 271
240 , 272
241 , 273
242 , 275
240 , 276
241 , 277
242 , 279
240 , 280
241 , 281
240 , 284
241 , 285
240 , 288
241 , 289
242 , 290
240 , 292
241 , 293
242 , 294
240 , 296
241 , 297
242 , 298
241 , 301
242 , 302
243 , 303
241 , 305
242 , 306
243 , 307
213 , 292
212 , 291
194 , 324
204 , 346
205 , 346
206 , 349
207 , 349
205 , 350
204 , 350
203 , 349
202 , 349
199 , 352
197 , 354
196 , 355
195 , 357
196 , 359
195 , 361
194 , 361
193 , 360
192 , 362
191 , 364
193 , 364
192 , 366
190 , 367
191 , 368
190 , 371
189 , 371
188 , 373
189 , 375
190 , 375
188 , 377
187 , 378
186 , 380
187 , 382
188 , 381
189 , 379
186 , 384
185 , 384
187 , 386
186 , 388
185 , 388
184 , 389
185 , 392
186 , 392
184 , 393
183 , 394
185 , 396
184 , 397
183 , 398
184 , 401
183 , 402
182 , 402
181 , 401
178 , 400
177 , 401
176 , 399
175 , 399
174 , 399
173 , 400
172 , 400
170 , 399
168 , 399
167 , 399
165 , 397
164 , 397
163 , 398
162 , 398
161 , 398
160 , 395
158 , 395
157 , 395
156 , 396
154 , 394
153 , 395
155 , 393
152 , 392
151 , 391
150 , 389
149 , 389
151 , 387
150 , 385
149 , 385
151 , 383
150 , 381
149 , 381
151 , 379
152 , 378
150 , 377
151 , 375
152 , 374
153 , 374
151 , 371
152 , 370
153 , 370
153 , 366
152 , 366
154 , 365
153 , 362
152 , 362
154 , 361
153 , 358
154 , 357
155 , 357
155 , 353
154 , 353
156 , 352
155 , 349
154 , 349
156 , 348
155 , 345
156 , 344
156 , 340
157 , 340
159 , 339
160 , 338
161 , 340
162 , 342
161 , 344
162 , 346
161 , 348
162 , 350
163 , 350
161 , 352
162 , 354
163 , 354
161 , 356
162 , 358
163 , 358
164 , 359
163 , 362
162 , 362
164 , 363
163 , 366
162 , 366
164 , 367
163 , 370
162 , 370
164 , 371
163 , 374
162 , 374
164 , 375
163 , 378
162 , 378
164 , 379
163 , 382
162 , 382
164 , 383
163 , 386
162 , 386
164 , 387
163 , 390
162 , 390
161 , 390
162 , 394
163 , 394
162 , 402
161 , 402
160 , 404
161 , 406
162 , 406
160 , 408
161 , 410
159 , 411
160 , 412
161 , 414
159 , 415
160 , 416
159 , 419
158 , 419
160 , 420
159 , 423
158 , 423
157 , 425
158 , 427
157 , 429
156 , 430
155 , 431
157 , 433
156 , 434
155 , 435
154 , 437
155 , 439
156 , 438
154 , 441
153 , 442
152 , 444
153 , 446
154 , 445
152 , 448
151 , 448
153 , 450
152 , 452
151 , 452
150 , 451
150 , 455
151 , 456
152 , 456
150 , 459
149 , 460
151 , 460
150 , 463
149 , 464
151 , 464
150 , 467
149 , 468
151 , 468
150 , 471
149 , 472
151 , 472
150 , 475
149 , 476
151 , 476
150 , 479
149 , 480
148 , 481
150 , 483
149 , 484
148 , 485
150 , 487
149 , 488
148 , 489
150 , 491
149 , 492
148 , 493
150 , 495
149 , 496
148 , 497
147 , 500
148 , 501
149 , 500
149 , 504
148 , 505
147 , 504
147 , 508
146 , 509
148 , 509
147 , 512
146 , 513
145 , 512
145 , 516
144 , 516
146 , 517
145 , 520
144 , 520
143 , 519
143 , 523
142 , 524
144 , 524
141 , 526
142 , 528
140 , 529
138 , 530
139 , 531
137 , 532
136 , 533
135 , 534
134 , 536
133 , 537
132 , 535
130 , 537
129 , 538
128 , 539
127 , 541
126 , 543
128 , 543
129 , 542
130 , 544
132 , 544
135 , 545
136 , 545
137 , 543
138 , 542
139 , 543
140 , 542
142 , 542
141 , 540
143 , 539
144 , 541
145 , 540
146 , 539
147 , 537
148 , 538
149 , 536
150 , 534
151 , 535
152 , 534
153 , 532
154 , 530
155 , 531
156 , 528
155 , 527
157 , 526
158 , 526
159 , 522
160 , 522
161 , 521
162 , 519
163 , 518
164 , 520
165 , 519
166 , 518
167 , 515
168 , 513
169 , 514
167 , 511
168 , 509
169 , 510
170 , 509
169 , 506
168 , 505
166 , 504
167 , 503
168 , 501
166 , 500
165 , 501
164 , 499
165 , 497
166 , 496
164 , 495
163 , 493
165 , 493
164 , 491
163 , 489
162 , 489
164 , 487
163 , 485
162 , 485
164 , 483
163 , 481
162 , 481
164 , 479
163 , 477
164 , 475
165 , 476
165 , 472
166 , 472
167 , 469
166 , 468
168 , 467
169 , 466
170 , 463
171 , 463
169 , 462
171 , 459
172 , 460
173 , 458
174 , 456
175 , 457
176 , 455
177 , 454
175 , 453
176 , 451
177 , 450
178 , 450
179 , 448
178 , 446
180 , 446
179 , 444
180 , 442
181 , 441
179 , 440
180 , 438
181 , 437
180 , 434
181 , 433
182 , 434
182 , 430
181 , 429
180 , 430
180 , 426
181 , 425
182 , 426
182 , 422
181 , 421
180 , 422
180 , 418
181 , 417
182 , 418
182 , 414
183 , 414
181 , 413
180 , 414
182 , 410
183 , 410
181 , 409
182 , 406
183 , 406
188 , 402
191 , 400
192 , 399
193 , 398
192 , 395
193 , 394
194 , 395
195 , 393
194 , 391
193 , 390
195 , 389
196 , 389
194 , 387
195 , 385
196 , 385
197 , 382
196 , 381
198 , 381
197 , 378
198 , 377
199 , 375
197 , 374
198 , 373
199 , 371
198 , 369
200 , 369
199 , 367
201 , 367
200 , 365
201 , 363
202 , 363
200 , 361
201 , 359
202 , 359
207 , 359
208 , 357
209 , 356
210 , 357
208 , 353
207 , 353
206 , 353
207 , 363
208 , 364
207 , 367
208 , 368
209 , 370
208 , 372
209 , 374
208 , 376
209 , 378
210 , 378
208 , 380
209 , 382
210 , 382
208 , 384
209 , 386
210 , 386
210 , 390
209 , 390
211 , 393
210 , 394
209 , 394
211 , 397
210 , 398
211 , 401
212 , 401
213 , 402
214 , 403
216 , 403
217 , 403
215 , 405
216 , 407
217 , 407
218 , 407
219 , 406
221 , 407
223 , 407
224 , 407
226 , 407
227 , 406
228 , 407
230 , 406
231 , 405
232 , 404
233 , 405
234 , 404
235 , 403
236 , 404
238 , 404
239 , 405
240 , 403
241 , 404
242 , 404
243 , 404
244 , 401
245 , 401
246 , 403
247 , 402
249 , 402
250 , 401
251 , 399
252 , 399
253 , 400
254 , 397
253 , 396
252 , 395
254 , 393
253 , 392
252 , 391
254 , 389
253 , 388
252 , 387
242 , 383
241 , 382
240 , 383
239 , 384
241 , 386
240 , 387
239 , 388
238 , 390
237 , 391
239 , 392
238 , 394
237 , 395
236 , 396
235 , 399
236 , 400
237 , 399
235 , 407
234 , 408
235 , 411
234 , 412
233 , 413
235 , 415
234 , 416
236 , 416
235 , 419
234 , 420
236 , 420
235 , 423
236 , 424
237 , 425
235 , 427
236 , 428
237 , 429
236 , 432
237 , 433
238 , 432
238 , 436
237 , 437
239 , 438
238 , 440
240 , 440
239 , 442
240 , 444
241 , 447
242 , 450
243 , 452
244 , 452
245 , 450
245 , 454
244 , 456
243 , 456
245 , 458
246 , 459
244 , 460
251 , 458
252 , 457
250 , 455
251 , 454
252 , 453
250 , 451
251 , 450
250 , 447
251 , 446
250 , 443
249 , 443
249 , 439
248 , 437
246 , 436
245 , 434
244 , 433
246 , 432
247 , 433
248 , 433
247 , 429
246 , 428
244 , 429
245 , 430
245 , 426
244 , 425
243 , 424
245 , 422
244 , 421
243 , 420
245 , 418
244 , 417
246 , 424
245 , 438
252 , 461
251 , 462
253 , 462
252 , 465
251 , 466
253 , 466
252 , 469
253 , 470
254 , 471
252 , 473
253 , 474
254 , 475
252 , 477
253 , 478
254 , 479
252 , 481
253 , 482
254 , 483
255 , 484
253 , 486
252 , 485
254 , 487
255 , 488
253 , 490
254 , 491
255 , 492
253 , 494
254 , 495
255 , 496
253 , 498
254 , 499
255 , 500
253 , 502
254 , 503
255 , 504
253 , 506
254 , 507
255 , 508
253 , 510
254 , 511
255 , 512
253 , 514
254 , 515
255 , 516
253 , 518
254 , 519
255 , 520
253 , 522
254 , 523
255 , 524
256 , 524
254 , 527
255 , 528
256 , 528
257 , 530
256 , 532
255 , 532
257 , 534
256 , 536
258 , 536
259 , 538
260 , 537
261 , 540
262 , 540
260 , 541
263 , 542
262 , 544
263 , 546
264 , 545
265 , 545
267 , 557
266 , 559
265 , 559
267 , 561
268 , 560
269 , 560
270 , 560
271 , 561
276 , 562
277 , 564
278 , 565
276 , 566
277 , 568
278 , 569
276 , 570
275 , 570
273 , 571
272 , 570
270 , 572
269 , 571
268 , 570
267 , 570
265 , 569
264 , 568
262 , 568
260 , 567
261 , 566
259 , 565
258 , 564
257 , 563
255 , 564
254 , 561
252 , 562
250 , 560
251 , 559
249 , 558
248 , 557
247 , 557
245 , 557
244 , 558
243 , 556
242 , 555
241 , 555
240 , 555
239 , 554
238 , 554
237 , 554
236 , 552
237 , 550
238 , 550
236 , 548
237 , 546
238 , 546
236 , 544
237 , 542
238 , 542
236 , 540
237 , 538
238 , 538
238 , 534
237 , 534
237 , 530
236 , 530
238 , 530
238 , 526
237 , 526
236 , 526
236 , 522
235 , 522
237 , 522
236 , 518
235 , 518
234 , 517
233 , 514
234 , 513
235 , 514
232 , 511
233 , 510
234 , 509
232 , 507
231 , 507
233 , 506
232 , 503
231 , 503
230 , 500
231 , 499
232 , 499
230 , 496
231 , 495
232 , 495
230 , 492
231 , 491
232 , 491
232 , 487
231 , 487
233 , 487
233 , 483
232 , 483
231 , 483
231 , 479
232 , 479
230 , 477
231 , 475
232 , 475
230 , 473
229 , 471
231 , 471
230 , 469
228 , 468
229 , 467
228 , 464
227 , 464
226 , 463
229 , 463
227 , 460
226 , 459
224 , 458
225 , 457
224 , 454
225 , 453
223 , 452
222 , 450
221 , 450
221 , 446
222 , 446
220 , 445
219 , 442
220 , 441
218 , 440
217 , 439
219 , 438
218 , 436
217 , 435
216 , 435
218 , 432
217 , 431
216 , 431
216 , 427
217 , 427
215 , 424
216 , 423
217 , 423
215 , 420
216 , 419
217 , 419
215 , 416
216 , 415
217 , 415
215 , 412
216 , 411
217 , 411
217 , 399
216 , 399
218 , 397
217 , 395
216 , 395
218 , 393
217 , 391
216 , 391
216 , 387
217 , 387
217 , 383
216 , 383
215 , 383
215 , 379
216 , 379
216 , 375
215 , 375
214 , 374
215 , 371
214 , 370
213 , 369
212 , 366
213 , 365
214 , 366
212 , 362
211 , 362
191 , 372
158 , 336
157 , 336
159 , 335
160 , 334
158 , 332
159 , 331
160 , 330
161 , 329
159 , 327
160 , 326
161 , 325
161 , 300
215 , 246
246 , 249
247 , 248
248 , 247
249 , 248
250 , 248
160 , 196
159 , 197
158 , 196
157 , 199
156 , 199
155 , 202
156 , 203
153 , 202
152 , 200
151 , 199
149 , 197
147 , 196
146 , 196
145 , 196
144 , 197
142 , 194
141 , 194
140 , 194
139 , 195
138 , 193
137 , 191
136 , 190
135 , 189
136 , 186
135 , 185
134 , 185
133 , 182
134 , 181
133 , 178
132 , 178
134 , 177
133 , 174
132 , 174
134 , 173
133 , 170
132 , 170
134 , 169
135 , 168
133 , 166
134 , 165
135 , 164
134 , 161
135 , 160
136 , 161
137 , 161
138 , 159
137 , 157
136 , 157
138 , 155
139 , 153
140 , 153
141 , 151
143 , 150
142 , 148
143 , 146
144 , 147
145 , 144
146 , 143
148 , 144
150 , 143
151 , 142
152 , 142
153 , 142
154 , 141
155 , 140
157 , 142
158 , 142
159 , 141
160 , 142
161 , 143
162 , 143
163 , 143
164 , 144
165 , 148
166 , 149
167 , 150
168 , 150
168 , 154
169 , 157
168 , 158
169 , 161
168 , 162
170 , 164
169 , 165
168 , 166
167 , 169
168 , 170
169 , 169
167 , 173
168 , 174
166 , 176
167 , 177
166 , 180
165 , 180
164 , 181
163 , 183
164 , 185
165 , 184
163 , 187
162 , 187
161 , 190
162 , 191
160 , 192
159 , 193
148 , 199
139 , 191
115 , 382
110 , 387
109 , 387
108 , 386
63 , 426
95 , 459
96 , 460
99 , 460
100 , 459
99 , 464
98 , 464
95 , 463
93 , 464
94 , 465
93 , 468
92 , 470
91 , 471
90 , 474
89 , 475
91 , 475
92 , 474
90 , 478
89 , 479
88 , 478
87 , 480
86 , 481
85 , 483
86 , 485
87 , 484
88 , 482
85 , 487
84 , 488
83 , 488
82 , 489
83 , 492
82 , 493
81 , 493
80 , 494
79 , 496
80 , 498
81 , 497
79 , 500
78 , 501
80 , 502
79 , 504
78 , 505
77 , 506
76 , 507
78 , 509
77 , 510
76 , 511
75 , 512
77 , 514
76 , 515
75 , 516
74 , 516
76 , 519
75 , 520
74 , 520
74 , 524
73 , 524
75 , 524
75 , 528
74 , 528
73 , 528
73 , 532
74 , 532
75 , 532
74 , 536
73 , 536
72 , 535
72 , 539
73 , 540
74 , 540
72 , 543
73 , 544
74 , 544
72 , 547
73 , 548
74 , 548
72 , 551
73 , 552
74 , 552
75 , 553
74 , 556
73 , 556
75 , 557
76 , 559
74 , 560
75 , 561
76 , 563
77 , 562
78 , 565
77 , 566
79 , 566
81 , 568
82 , 568
80 , 569
83 , 570
84 , 569
85 , 570
86 , 571
88 , 572
89 , 572
92 , 573
94 , 574
96 , 572
97 , 574
98 , 574
99 , 575
100 , 576
101 , 574
102 , 575
103 , 575
105 , 576
106 , 575
107 , 577
108 , 576
109 , 575
110 , 576
111 , 577
112 , 575
113 , 575
114 , 575
115 , 572
114 , 571
113 , 571
112 , 568
111 , 568
113 , 567
114 , 567
111 , 564
110 , 565
109 , 563
108 , 563
107 , 563
105 , 562
104 , 562
103 , 559
102 , 559
100 , 560
99 , 558
98 , 556
97 , 556
95 , 557
94 , 555
93 , 555
91 , 553
90 , 552
92 , 552
91 , 549
90 , 548
89 , 549
88 , 547
87 , 546
89 , 545
88 , 543
87 , 542
89 , 541
88 , 539
87 , 538
89 , 537
88 , 535
87 , 534
89 , 533
88 , 531
87 , 530
89 , 529
88 , 527
87 , 526
89 , 525
88 , 523
89 , 521
90 , 522
88 , 519
89 , 517
90 , 518
90 , 514
89 , 513
91 , 513
90 , 510
91 , 509
92 , 510
92 , 506
93 , 506
91 , 505
92 , 502
93 , 502
94 , 501
93 , 498
94 , 497
95 , 498
95 , 494
96 , 494
94 , 493
93 , 494
95 , 490
96 , 490
94 , 489
95 , 486
96 , 486
97 , 486
97 , 482
96 , 482
98 , 480
97 , 478
96 , 478
98 , 476
97 , 474
98 , 472
99 , 472
97 , 470
98 , 468
99 , 468
151 , 480
151 , 484
167 , 499
167 , 507
131 , 539
127 , 545
129 , 546
69 , 558
68 , 558
67 , 558
58 , 576
158 , 431
241 , 378
242 , 379
243 , 379
243 , 375
242 , 375
244 , 374
243 , 371
244 , 370
245 , 370
246 , 367
245 , 366
244 , 366
246 , 363
245 , 362
246 , 359
245 , 358
246 , 355
280 , 540
279 , 541
266 , 568
274 , 572
246 , 559
325 , 562
412 , 580
441 , 573
445 , 568
444 , 566
445 , 564
446 , 565
444 , 562
445 , 560
446 , 561
444 , 558
443 , 558
445 , 556
444 , 554
443 , 554
442 , 551
441 , 551
443 , 550
442 , 547
441 , 547
440 , 545
438 , 544
439 , 543
438 , 540
437 , 539
436 , 539
436 , 535
435 , 535
437 , 535
435 , 531
434 , 529
434 , 525
436 , 510
440 , 500
441 , 497
431 , 487
430 , 486
431 , 483
430 , 482
429 , 479
430 , 478
431 , 479