15 , 585
16 , 586
17 , 586
18 , 586
19 , 585
20 , 586
19 , 587
21 , 587
22 , 586
21 , 585
23 , 585
24 , 586
23 , 587
25 , 587
26 , 586
25 , 585
27 , 585
28 , 586
27 , 587
29 , 587
30 , 586
29 , 585
31 , 585
32 , 586
31 , 587
33 , 587
34 , 586
33 , 585
35 , 585
36 , 586
35 , 587
37 , 587
38 , 586
37 , 585
39 , 585
40 , 586
39 , 587
41 , 587
42 , 586
41 , 585
43 , 585
44 , 586
43 , 587
45 , 587
46 , 586
45 , 585
47 , 585
48 , 586
47 , 587
49 , 587
50 , 586
49 , 585
51 , 585
52 , 586
51 , 587
53 , 587
54 , 586
53 , 585
55 , 585
56 , 586
55 , 587
57 , 587
58 , 586
57 , 585
59 , 585
60 , 586
59 , 587
61 , 587
62 , 586
61 , 585
63 , 585
64 , 586
63 , 587
65 , 587
66 , 586
65 , 585
67 , 585
68 , 586
67 , 587
69 , 587
70 , 586
69 , 585
71 , 585
72 , 586
71 , 587
73 , 587
74 , 586
73 , 585
75 , 585
76 , 586
75 , 587
77 , 587
78 , 586
77 , 585
79 , 585
80 , 586
79 , 587
81 , 587
82 , 586
81 , 585
83 , 585
84 , 586
83 , 587
85 , 587
86 , 586
85 , 585
87 , 585
88 , 586
87 , 587
89 , 587
90 , 586
89 , 585
91 , 585
92 , 586
91 , 587
93 , 587
94 , 586
93 , 585
95 , 585
96 , 586
95 , 587
97 , 587
98 , 586
97 , 585
99 , 585
100 , 586
99 , 587
101 , 587
102 , 586
101 , 585
103 , 585
104 , 586
103 , 587
105 , 587
106 , 586
105 , 585
107 , 585
108 , 586
107 , 587
109 , 587
110 , 586
109 , 585
111 , 585
112 , 586
111 , 587
113 , 587
114 , 586
113 , 585
115 , 585
116 , 586
115 , 587
117 , 587
118 , 586
117 , 585
119 , 585
120 , 586
119 , 587
121 , 587
122 , 586
121 , 585
123 , 585
124 , 586
123 , 587
125 , 587
126 , 586
125 , 585
127 , 585
128 , 586
127 , 587
129 , 587
130 , 586
129 , 585
131 , 585
132 , 586
131 , 587
133 , 587
134 , 586
133 , 585
135 , 585
136 , 586
135 , 587
137 , 587
138 , 586
137 , 585
139 , 585
140 , 586
139 , 587
141 , 587
142 , 586
141 , 585
143 , 585
144 , 586
143 , 587
145 , 587
146 , 586
145 , 585
147 , 585
148 , 586
147 , 587
149 , 587
150 , 586
149 , 585
151 , 585
152 , 586
151 , 587
153 , 587
154 , 586
153 , 585
155 , 585
156 , 586
155 , 587
157 , 587
158 , 586
157 , 585
159 , 585
160 , 586
159 , 587
161 , 587
162 , 586
161 , 585
163 , 585
164 , 586
163 , 587
165 , 587
166 , 586
165 , 585
167 , 585
168 , 586
167 , 587
169 , 587
170 , 586
169 , 585
171 , 585
172 , 586
171 , 587
173 , 587
174 , 586
173 , 585
175 , 585
176 , 586
175 , 587
177 , 587
178 , 586
177 , 585
179 , 585
180 , 586
179 , 587
181 , 587
182 , 586
181 , 585
183 , 585
184 , 586
183 , 587
185 , 587
186 , 586
185 , 585
187 , 585
188 , 586
187 , 587
189 , 587
190 , 586
189 , 585
191 , 585
192 , 586
191 , 587
193 , 587
194 , 586
193 , 585
195 , 585
196 , 586
195 , 587
197 , 587
198 , 586
197 , 585
199 , 585
200 , 586
199 , 587
201 , 587
202 , 586
201 , 585
203 , 585
204 , 586
203 , 587
205 , 587
206 , 586
205 , 585
207 , 585
208 , 586
207 , 587
209 , 587
210 , 586
209 , 585
211 , 585
212 , 586
211 , 587
213 , 587
214 , 586
213 , 585
215 , 585
216 , 586
215 , 587
217 , 587
218 , 586
217 , 585
219 , 585
220 , 586
219 , 587
221 , 587
222 , 586
221 , 585
223 , 585
224 , 586
223 , 587
225 , 587
226 , 586
225 , 585
227 , 585
228 , 586
227 , 587
229 , 587
230 , 586
229 , 585
231 , 585
232 , 586
231 , 587
233 , 587
234 , 586
233 , 585
235 , 585
236 , 586
235 , 587
237 , 587
238 , 586
237 , 585
239 , 585
240 , 586
239 , 587
241 , 587
242 , 587
243 , 587
244 , 586
243 , 585
242 , 585
241 , 585
245 , 585
246 , 585
247 , 585
248 , 585
249 , 586
248 , 587
247 , 587
246 , 587
245 , 587
250 , 587
251 , 587
252 , 587
253 , 586
252 , 585
251 , 585
250 , 585
254 , 585
255 , 585
256 , 586
255 , 587
254 , 587
257 , 587
258 , 587
259 , 587
260 , 587
261 , 586
260 , 585
259 , 585
258 , 585
257 , 585
262 , 585
263 , 584
264 , 584
265 , 585
264 , 586
263 , 586
265 , 587
266 , 586
269 , 583
270 , 583
271 , 583
272 , 583
273 , 583
273 , 581
272 , 581
271 , 581
270 , 581
272 , 579
272 , 577
271 , 576
272 , 575
271 , 574
270 , 574
269 , 574
269 , 572
270 , 572
268 , 571
267 , 570
266 , 570
266 , 568
265 , 568
265 , 566
264 , 566
264 , 564
263 , 564
262 , 563
263 , 562
264 , 562
262 , 561
261 , 560
260 , 559
261 , 558
260 , 557
259 , 557
259 , 555
258 , 555
258 , 553
259 , 553
257 , 552
258 , 551
257 , 550
256 , 550
255 , 549
256 , 548
255 , 547
255 , 545
254 , 545
254 , 543
255 , 543
256 , 542
257 , 543
258 , 543
259 , 542
260 , 542
261 , 543
260 , 544
259 , 544
256 , 544
253 , 542
252 , 542
251 , 541
250 , 541
250 , 539
251 , 539
252 , 540
253 , 540
254 , 541
250 , 537
249 , 537
248 , 536
247 , 536
246 , 536
245 , 537
246 , 538
247 , 538
248 , 538
245 , 539
244 , 539
243 , 540
244 , 541
245 , 541
243 , 542
242 , 543
243 , 544
242 , 545
243 , 546
242 , 547
243 , 548
242 , 549
243 , 550
244 , 549
244 , 547
244 , 545
244 , 543
249 , 544
250 , 545
249 , 546
248 , 547
249 , 548
250 , 547
250 , 549
249 , 550
250 , 551
251 , 550
251 , 552
250 , 553
251 , 554
252 , 554
253 , 555
252 , 556
251 , 556
252 , 558
253 , 557
254 , 558
253 , 559
254 , 560
255 , 560
256 , 561
255 , 562
254 , 562
255 , 564
256 , 563
257 , 562
257 , 564
256 , 565
257 , 566
258 , 565
258 , 567
259 , 567
259 , 569
260 , 569
261 , 569
261 , 571
260 , 571
261 , 573
262 , 572
263 , 573
262 , 574
263 , 575
264 , 574
264 , 576
265 , 576
266 , 577
265 , 578
266 , 579
267 , 578
267 , 580
261 , 580
260 , 579
259 , 578
258 , 577
257 , 576
256 , 576
256 , 574
255 , 574
254 , 573
253 , 572
254 , 571
253 , 570
252 , 570
252 , 568
251 , 568
250 , 567
249 , 566
250 , 565
249 , 564
248 , 563
249 , 562
248 , 561
247 , 561
246 , 560
247 , 559
246 , 558
245 , 558
244 , 557
245 , 556
246 , 556
244 , 555
243 , 554
244 , 553
243 , 552
244 , 551
245 , 554
250 , 563
251 , 566
253 , 568
255 , 572
257 , 574
258 , 575
259 , 576
267 , 568
266 , 566
265 , 564
263 , 560
262 , 559
261 , 556
260 , 555
264 , 548
265 , 548
266 , 547
267 , 548
268 , 548
266 , 549
265 , 544
264 , 544
263 , 543
262 , 542
262 , 544
264 , 542
265 , 542
266 , 542
266 , 540
267 , 539
266 , 538
267 , 537
268 , 537
268 , 535
267 , 535
266 , 536
267 , 533
268 , 533
269 , 532
268 , 531
269 , 530
270 , 530
270 , 528
269 , 528
268 , 529
269 , 526
270 , 526
271 , 525
270 , 524
271 , 523
270 , 522
271 , 521
272 , 520
271 , 519
272 , 518
273 , 517
274 , 517
274 , 515
273 , 515
272 , 516
273 , 513
274 , 513
275 , 513
275 , 511
274 , 511
274 , 509
275 , 509
276 , 509
276 , 507
275 , 507
275 , 505
276 , 505
277 , 504
276 , 503
277 , 502
276 , 501
277 , 500
278 , 499
279 , 499
279 , 497
278 , 497
277 , 498
278 , 495
279 , 495
280 , 495
280 , 493
279 , 493
278 , 493
279 , 491
280 , 491
281 , 490
280 , 489
279 , 489
279 , 487
280 , 487
281 , 486
280 , 485
281 , 484
280 , 483
281 , 482
280 , 481
281 , 480
282 , 479
281 , 478
283 , 478
284 , 477
285 , 478
284 , 479
283 , 480
282 , 481
282 , 483
282 , 485
281 , 488
291 , 490
292 , 490
293 , 489
292 , 488
295 , 487
296 , 487
297 , 486
296 , 485
295 , 485
295 , 483
294 , 483
294 , 481
293 , 481
292 , 480
291 , 480
290 , 479
289 , 478
288 , 477
287 , 477
286 , 477
286 , 479
287 , 479
288 , 479
289 , 480
295 , 479
296 , 478
297 , 478
297 , 476
296 , 476
295 , 477
296 , 474
297 , 474
297 , 472
298 , 472
298 , 470
297 , 470
297 , 468
298 , 468
298 , 466
295 , 466
294 , 466
294 , 468
293 , 471
292 , 472
291 , 471
290 , 471
289 , 471
288 , 471
287 , 471
286 , 471
285 , 470
284 , 471
283 , 470
282 , 469
281 , 468
280 , 469
281 , 470
280 , 471
281 , 472
280 , 473
282 , 473
283 , 472
282 , 471
285 , 472
290 , 473
291 , 473
293 , 473
296 , 480
295 , 481
296 , 483
296 , 489
295 , 489
295 , 491
295 , 493
294 , 493
294 , 495
295 , 495
294 , 497
293 , 498
294 , 499
293 , 500
293 , 502
292 , 502
292 , 504
291 , 504
291 , 506
292 , 506
292 , 508
291 , 508
290 , 509
291 , 510
290 , 511
289 , 512
290 , 513
289 , 514
288 , 515
289 , 516
288 , 517
287 , 517
287 , 519
288 , 519
289 , 518
288 , 521
287 , 521
286 , 521
286 , 523
285 , 523
285 , 525
286 , 525
286 , 527
285 , 527
284 , 526
284 , 528
283 , 528
283 , 530
284 , 530
285 , 529
284 , 532
283 , 532
282 , 531
282 , 533
281 , 534
282 , 535
281 , 536
280 , 536
280 , 538
281 , 538
279 , 539
280 , 540
279 , 541
278 , 541
277 , 542
278 , 543
279 , 543
277 , 544
278 , 545
277 , 546
276 , 546
275 , 547
274 , 547
273 , 547
272 , 545
271 , 545
270 , 544
269 , 544
270 , 542
271 , 541
272 , 541
272 , 539
273 , 539
274 , 538
273 , 537
274 , 536
275 , 536
275 , 534
274 , 534
276 , 534
276 , 532
275 , 532
276 , 530
277 , 529
278 , 528
277 , 527
278 , 526
279 , 525
280 , 525
280 , 523
279 , 523
278 , 524
279 , 521
280 , 521
281 , 520
282 , 520
282 , 518
281 , 518
280 , 519
281 , 516
282 , 516
283 , 516
283 , 514
282 , 514
284 , 514
284 , 512
283 , 512
284 , 510
285 , 509
286 , 509
286 , 507
285 , 507
286 , 505
287 , 504
288 , 504
288 , 502
287 , 502
288 , 500
289 , 499
289 , 497
290 , 497
290 , 495
291 , 494
290 , 493
291 , 492
292 , 492
289 , 501
293 , 504
287 , 506
285 , 511
276 , 511
275 , 515
273 , 519
273 , 521
272 , 522
272 , 524
271 , 527
277 , 531
278 , 530
279 , 527
281 , 522
287 , 523
283 , 534
269 , 534
271 , 543
272 , 543
274 , 549
275 , 549
276 , 548
277 , 548
276 , 550
275 , 551
274 , 551
274 , 553
275 , 553
276 , 552
276 , 554
275 , 555
274 , 555
273 , 554
273 , 556
272 , 557
273 , 558
272 , 559
271 , 560
272 , 561
271 , 562
272 , 563
271 , 564
272 , 565
271 , 566
272 , 567
271 , 568
275 , 569
276 , 568
277 , 568
277 , 566
276 , 566
276 , 564
277 , 564
277 , 562
276 , 562
276 , 560
277 , 560
278 , 560
277 , 558
276 , 558
276 , 556
276 , 570
277 , 570
275 , 571
276 , 572
275 , 573
274 , 573
273 , 574
274 , 575
310 , 574
311 , 574
312 , 574
313 , 573
312 , 572
313 , 571
314 , 570
315 , 570
316 , 569
317 , 568
318 , 567
319 , 566
318 , 565
319 , 564
320 , 563
321 , 562
320 , 561
321 , 560
322 , 560
323 , 559
322 , 558
321 , 558
322 , 556
323 , 555
324 , 555
324 , 553
323 , 553
324 , 551
325 , 550
326 , 550
327 , 550
328 , 550
329 , 551
330 , 551
331 , 551
332 , 552
333 , 553
334 , 553
335 , 552
336 , 551
337 , 552
338 , 552
339 , 551
340 , 551
341 , 549
342 , 549
343 , 549
344 , 549
345 , 548
346 , 548
347 , 549
346 , 550
345 , 550
347 , 551
348 , 552
348 , 554
349 , 554
350 , 555
349 , 556
350 , 557
349 , 558
350 , 559
349 , 560
350 , 561
349 , 562
350 , 563
349 , 564
348 , 564
348 , 566
347 , 566
346 , 567
347 , 568
348 , 568
346 , 569
345 , 569
345 , 571
344 , 571
343 , 571
343 , 573
342 , 573
341 , 573
340 , 574
339 , 574
338 , 575
337 , 575
337 , 577
336 , 577
335 , 577
334 , 578
333 , 579
332 , 579
332 , 581
331 , 581
330 , 581
329 , 581
328 , 581
327 , 582
326 , 582
325 , 583
324 , 582
323 , 583
322 , 583
321 , 584
320 , 583
319 , 583
318 , 583
317 , 584
316 , 583
315 , 582
314 , 583
313 , 583
312 , 583
311 , 582
312 , 581
313 , 581
311 , 580
310 , 580
310 , 578
311 , 578
311 , 576
310 , 576
312 , 576
314 , 572
317 , 574
318 , 574
318 , 576
317 , 576
319 , 576
320 , 575
321 , 576
320 , 577
321 , 578
322 , 577
323 , 576
324 , 576
325 , 575
326 , 576
327 , 576
328 , 575
329 , 575
330 , 575
331 , 574
330 , 573
329 , 573
331 , 572
332 , 571
333 , 572
332 , 573
334 , 571
335 , 571
336 , 571
336 , 569
335 , 569
337 , 569
338 , 568
337 , 567
338 , 566
339 , 565
340 , 565
341 , 564
342 , 563
343 , 563
344 , 562
343 , 561
344 , 560
345 , 560
345 , 558
344 , 558
344 , 556
345 , 556
344 , 554
344 , 547
343 , 547
342 , 547
343 , 545
342 , 543
341 , 542
340 , 542
339 , 542
338 , 541
337 , 540
338 , 539
337 , 538
337 , 536
338 , 536
338 , 534
337 , 534
336 , 533
337 , 532
338 , 532
338 , 530
337 , 530
336 , 529
337 , 528
336 , 527
335 , 526
336 , 525
335 , 524
336 , 523
335 , 522
334 , 522
334 , 520
335 , 520
336 , 519
335 , 518
334 , 518
333 , 517
334 , 516
335 , 516
333 , 515
334 , 514
333 , 513
332 , 512
333 , 511
332 , 510
331 , 509
332 , 508
331 , 507
332 , 506
331 , 505
332 , 504
331 , 503
330 , 502
331 , 501
330 , 500
331 , 499
330 , 498
329 , 498
329 , 496
330 , 496
331 , 495
330 , 494
329 , 494
329 , 492
330 , 492
330 , 490
329 , 490
328 , 489
329 , 488
330 , 488
328 , 487
327 , 486
328 , 485
327 , 484
328 , 483
327 , 482
326 , 481
325 , 480
324 , 479
325 , 478
326 , 477
325 , 476
324 , 475
325 , 474
324 , 473
325 , 472
324 , 471
323 , 470
324 , 469
323 , 468
324 , 467
323 , 466
322 , 465
323 , 464
322 , 463
321 , 462
322 , 461
321 , 460
322 , 459
321 , 458
320 , 458
320 , 456
321 , 456
322 , 457
321 , 454
320 , 454
319 , 454
319 , 452
320 , 452
320 , 450
319 , 450
318 , 449
319 , 448
318 , 447
317 , 447
317 , 445
318 , 445
318 , 443
317 , 443
316 , 442
315 , 442
315 , 440
316 , 440
317 , 441
316 , 438
315 , 438
314 , 438
314 , 436
315 , 436
316 , 436
315 , 434
314 , 434
313 , 434
313 , 432
314 , 432
315 , 432
314 , 430
313 , 430
313 , 428
314 , 428
313 , 426
312 , 426
311 , 425
310 , 424
311 , 423
312 , 422
311 , 421
312 , 420
311 , 419
312 , 418
311 , 417
312 , 416
311 , 415
311 , 413
311 , 411
312 , 411
312 , 409
311 , 409
311 , 407
312 , 407
312 , 405
311 , 405
313 , 405
313 , 403
312 , 403
312 , 401
313 , 401
314 , 400
313 , 399
312 , 399
313 , 397
314 , 396
313 , 395
314 , 394
315 , 393
314 , 392
315 , 391
316 , 390
317 , 390
317 , 388
316 , 388
315 , 389
316 , 386
317 , 386
318 , 385
319 , 385
319 , 383
318 , 383
317 , 384
318 , 387
322 , 388
323 , 387
324 , 387
324 , 385
323 , 385
324 , 383
325 , 382
324 , 381
325 , 380
326 , 379
327 , 378
326 , 377
327 , 376
328 , 376
328 , 374
327 , 374
328 , 372
329 , 371
330 , 371
331 , 370
330 , 369
331 , 368
332 , 368
332 , 366
331 , 366
333 , 366
333 , 364
332 , 364
332 , 362
333 , 362
334 , 362
334 , 360
333 , 360
333 , 358
334 , 358
335 , 357
334 , 356
335 , 355
334 , 354
335 , 353
334 , 352
333 , 352
333 , 350
334 , 350
333 , 348
332 , 348
331 , 347
330 , 346
331 , 345
330 , 344
329 , 344
329 , 342
328 , 342
327 , 341
326 , 342
325 , 341
324 , 341
323 , 340
322 , 340
321 , 341
320 , 342
319 , 342
318 , 342
317 , 343
316 , 342
316 , 344
315 , 344
314 , 343
314 , 345
313 , 345
312 , 344
312 , 346
311 , 346
310 , 346
309 , 346
309 , 348
308 , 348
307 , 348
306 , 348
306 , 350
305 , 350
304 , 350
303 , 350
302 , 351
301 , 352
300 , 352
299 , 351
298 , 352
297 , 352
296 , 351
295 , 351
294 , 352
293 , 352
292 , 351
291 , 351
290 , 350
289 , 350
288 , 349
287 , 349
286 , 348
285 , 347
286 , 346
285 , 345
284 , 345
283 , 344
282 , 344
281 , 343
282 , 342
281 , 341
280 , 341
280 , 339
281 , 339
282 , 338
281 , 337
280 , 337
280 , 335
281 , 335
282 , 334
281 , 333
280 , 333
281 , 331
282 , 330
283 , 330
283 , 328
282 , 328
281 , 327
282 , 326
283 , 326
284 , 326
284 , 324
283 , 324
282 , 324
282 , 322
283 , 322
284 , 322
284 , 320
283 , 320
283 , 318
284 , 318
285 , 318
285 , 316
284 , 316
283 , 316
283 , 314
284 , 314
285 , 314
285 , 312
284 , 312
283 , 312
283 , 310
284 , 310
285 , 310
285 , 308
284 , 308
283 , 308
283 , 306
284 , 306
285 , 306
285 , 304
284 , 304
283 , 304
283 , 302
284 , 302
285 , 302
284 , 300
283 , 300
283 , 298
282 , 298
282 , 296
283 , 296
284 , 296
284 , 294
283 , 294
282 , 294
282 , 292
283 , 292
283 , 290
282 , 290
281 , 289
282 , 288
281 , 287
280 , 287
280 , 285
281 , 285
279 , 284
280 , 283
279 , 282
278 , 282
277 , 281
278 , 280
279 , 280
280 , 281
277 , 279
276 , 278
277 , 277
276 , 276
275 , 276
275 , 274
274 , 274
274 , 272
275 , 272
275 , 270
274 , 270
273 , 269
274 , 268
275 , 268
275 , 266
274 , 266
273 , 265
274 , 264
275 , 264
275 , 262
274 , 262
273 , 261
274 , 260
275 , 260
276 , 259
275 , 258
274 , 258
273 , 259
274 , 256
275 , 256
276 , 255
275 , 254
274 , 253
275 , 252
274 , 251
273 , 250
272 , 249
272 , 251
271 , 251
270 , 251
269 , 252
270 , 253
269 , 254
268 , 254
267 , 254
267 , 256
268 , 256
269 , 256
267 , 258
266 , 257
265 , 257
265 , 259
266 , 259
264 , 260
263 , 260
263 , 262
264 , 262
265 , 261
262 , 263
261 , 263
261 , 265
262 , 265
263 , 264
260 , 266
259 , 267
258 , 268
257 , 269
258 , 270
257 , 271
256 , 271
256 , 273
255 , 273
254 , 273
253 , 273
253 , 275
252 , 275
251 , 276
250 , 276
249 , 277
248 , 278
247 , 277
246 , 278
245 , 278
244 , 278
244 , 276
243 , 276
243 , 274
242 , 274
242 , 272
243 , 272
244 , 272
244 , 270
243 , 270
242 , 270
242 , 268
243 , 268
244 , 268
244 , 266
243 , 266
243 , 264
244 , 264
245 , 264
245 , 262
244 , 262
243 , 262
244 , 260
245 , 260
246 , 259
245 , 258
244 , 258
244 , 256
245 , 256
246 , 255
245 , 254
246 , 253
245 , 252
246 , 251
245 , 250
246 , 249
247 , 248
248 , 248
248 , 246
247 , 246
246 , 247
247 , 244
248 , 244
249 , 244
249 , 242
248 , 242
248 , 240
249 , 240
250 , 239
251 , 239
251 , 237
250 , 237
249 , 238
250 , 235
251 , 235
252 , 234
253 , 234
254 , 233
255 , 233
256 , 232
257 , 232
258 , 233
259 , 233
260 , 232
261 , 232
261 , 230
262 , 230
262 , 228
263 , 228
264 , 227
263 , 226
264 , 225
265 , 225
265 , 223
266 , 220
267 , 220
267 , 218
266 , 218
265 , 219
264 , 219
263 , 219
262 , 220
261 , 219
260 , 219
259 , 219
258 , 219
257 , 218
256 , 219
255 , 219
254 , 219
254 , 217
253 , 216
252 , 215
253 , 214
254 , 213
253 , 212
254 , 211
255 , 210
256 , 210
256 , 208
255 , 208
254 , 209
255 , 212
254 , 215
259 , 214
260 , 214
261 , 213
262 , 213
263 , 212
264 , 212
265 , 212
266 , 211
265 , 210
264 , 210
262 , 211
260 , 212
258 , 208
257 , 208
257 , 206
258 , 206
259 , 205
260 , 205
261 , 204
262 , 204
263 , 203
264 , 204
265 , 204
266 , 204
267 , 203
268 , 203
269 , 204
268 , 205
267 , 205
269 , 206
270 , 206
270 , 208
269 , 208
269 , 210
268 , 210
268 , 212
269 , 212
270 , 212
270 , 210
269 , 214
268 , 215
267 , 216
268 , 217
269 , 216
273 , 217
274 , 217
275 , 217
276 , 217
277 , 217
277 , 215
276 , 215
278 , 215
279 , 215
280 , 214
279 , 213
281 , 213
282 , 213
283 , 214
284 , 214
285 , 213
286 , 212
287 , 212
288 , 211
289 , 210
290 , 209
291 , 209
292 , 209
293 , 208
292 , 207
293 , 206
294 , 206
295 , 205
294 , 204
293 , 204
292 , 203
293 , 202
294 , 202
294 , 200
293 , 200
292 , 199
293 , 198
294 , 198
292 , 201
292 , 205
295 , 207
296 , 206
297 , 206
298 , 207
299 , 207
300 , 207
301 , 207
302 , 207
303 , 207
304 , 206
303 , 205
302 , 205
301 , 205
300 , 205
304 , 204
305 , 203
306 , 202
307 , 202
307 , 200
306 , 200
305 , 201
307 , 198
308 , 197
309 , 197
310 , 197
311 , 197
311 , 195
310 , 195
309 , 195
308 , 195
309 , 193
310 , 193
310 , 191
309 , 191
308 , 191
308 , 189
309 , 189
310 , 189
310 , 187
309 , 187
308 , 187
307 , 188
306 , 188
305 , 189
304 , 189
303 , 190
302 , 190
301 , 190
301 , 192
300 , 192
299 , 191
298 , 191
297 , 192
296 , 192
295 , 193
294 , 192
293 , 192
292 , 191
291 , 191
290 , 191
289 , 190
288 , 189
289 , 188
288 , 187
289 , 186
288 , 185
287 , 185
287 , 183
288 , 183
289 , 182
288 , 181
287 , 181
287 , 179
288 , 179
289 , 180
288 , 177
287 , 177
286 , 176
287 , 175
288 , 175
288 , 173
287 , 173
286 , 172
287 , 171
288 , 171
288 , 169
287 , 169
286 , 168
287 , 167
288 , 167
286 , 166
287 , 165
287 , 163
286 , 162
285 , 162
284 , 161
283 , 161
283 , 159
282 , 159
281 , 159
280 , 159
280 , 157
279 , 157
278 , 156
277 , 155
276 , 154
275 , 154
275 , 152
276 , 152
277 , 153
278 , 154
279 , 155
277 , 157
278 , 158
281 , 157
284 , 159
285 , 160
286 , 160
287 , 159
288 , 158
288 , 156
288 , 154
289 , 154
290 , 153
289 , 152
288 , 152
288 , 150
287 , 150
286 , 150
285 , 149
284 , 148
283 , 148
282 , 148
281 , 147
280 , 147
279 , 146
278 , 146
277 , 145
276 , 146
277 , 147
276 , 148
275 , 148
275 , 150
276 , 150
280 , 145
281 , 145
282 , 146
283 , 146
286 , 145
287 , 145
288 , 145
289 , 144
290 , 144
291 , 144
292 , 143
293 , 143
294 , 142
293 , 141
292 , 141
291 , 142
292 , 145
289 , 146
290 , 151
291 , 152
291 , 154
292 , 154
293 , 153
294 , 154
293 , 155
294 , 156
295 , 156
296 , 156
297 , 157
298 , 157
298 , 159
297 , 159
296 , 158
295 , 158
299 , 159
300 , 158
301 , 159
302 , 159
303 , 158
304 , 159
303 , 160
305 , 160
306 , 159
307 , 159
308 , 158
308 , 160
309 , 160
310 , 161
309 , 162
310 , 163
309 , 164
310 , 165
311 , 164
312 , 163
312 , 165
313 , 165
314 , 164
315 , 165
314 , 166
311 , 166
316 , 171
317 , 172
316 , 173
315 , 174
316 , 175
315 , 176
315 , 178
314 , 178
313 , 178
312 , 179
311 , 180
310 , 179
310 , 181
311 , 182
310 , 183
311 , 184
310 , 185
312 , 183
313 , 182
314 , 182
315 , 182
316 , 182
316 , 184
317 , 184
318 , 184
318 , 186
317 , 186
319 , 186
319 , 188
318 , 188
318 , 190
319 , 190
320 , 189
320 , 191
319 , 192
320 , 193
319 , 194
320 , 195
319 , 196
320 , 197
319 , 198
320 , 199
321 , 198
321 , 196
321 , 200
322 , 201
321 , 202
322 , 203
323 , 203
323 , 205
322 , 205
321 , 204
324 , 205
325 , 206
326 , 206
327 , 206
328 , 205
329 , 205
329 , 207
328 , 207
330 , 207
331 , 207
331 , 209
330 , 209
332 , 209
333 , 210
334 , 209
335 , 209
336 , 208
336 , 206
335 , 205
336 , 204
335 , 203
336 , 202
335 , 201
336 , 200
335 , 199
334 , 198
335 , 197
334 , 196
335 , 195
334 , 194
335 , 193
334 , 192
333 , 192
333 , 190
334 , 190
335 , 191
334 , 188
333 , 188
332 , 188
332 , 186
333 , 186
333 , 184
332 , 184
331 , 183
330 , 182
329 , 181
330 , 180
329 , 179
328 , 179
327 , 178
326 , 178
325 , 178
324 , 177
325 , 176
326 , 176
324 , 175
323 , 175
322 , 175
321 , 175
320 , 175
320 , 173
321 , 173
322 , 173
321 , 171
320 , 171
320 , 169
321 , 169
320 , 167
320 , 165
319 , 164
320 , 163
319 , 162
318 , 161
319 , 160
320 , 159
321 , 158
322 , 158
322 , 156
321 , 156
321 , 154
320 , 154
320 , 152
321 , 152
322 , 152
322 , 150
321 , 150
320 , 150
320 , 148
321 , 148
322 , 148
322 , 146
321 , 146
320 , 146
320 , 144
319 , 144
319 , 142
318 , 142
318 , 140
317 , 140
317 , 138
316 , 138
315 , 137
314 , 136
313 , 136
313 , 134
312 , 134
311 , 134
310 , 133
309 , 132
308 , 131
307 , 131
306 , 131
305 , 131
304 , 130
303 , 131
302 , 131
301 , 130
300 , 131
299 , 132
298 , 133
299 , 134
298 , 135
297 , 135
296 , 136
295 , 137
296 , 138
295 , 139
294 , 140
295 , 141
297 , 137
298 , 137
299 , 136
299 , 138
300 , 138
301 , 138
302 , 138
303 , 138
303 , 140
302 , 140
301 , 140
304 , 140
305 , 140
305 , 142
304 , 142
306 , 142
307 , 143
308 , 143
308 , 145
307 , 145
306 , 144
309 , 145
310 , 145
311 , 146
310 , 147
309 , 147
310 , 149
311 , 148
312 , 147
312 , 149
311 , 150
312 , 151
313 , 150
314 , 150
314 , 152
313 , 152
313 , 154
314 , 154
315 , 154
316 , 154
316 , 156
315 , 156
315 , 158
316 , 158
317 , 157
317 , 159
320 , 161
321 , 160
321 , 162
322 , 154
315 , 152
321 , 144
320 , 142
319 , 140
318 , 138
316 , 136
315 , 135
314 , 134
311 , 132
309 , 134
308 , 133
307 , 133
306 , 133
304 , 132
301 , 132
300 , 133
305 , 158
300 , 160
288 , 160
287 , 161
288 , 162
286 , 170
286 , 174
286 , 178
289 , 184
290 , 187
290 , 189
291 , 193
292 , 193
293 , 194
294 , 194
298 , 193
299 , 193
302 , 192
303 , 192
304 , 191
308 , 199
310 , 203
311 , 203
312 , 202
313 , 203
312 , 204
311 , 205
312 , 206
313 , 205
314 , 204
315 , 205
316 , 205
314 , 206
313 , 207
314 , 208
315 , 207
316 , 208
315 , 209
317 , 209
318 , 210
319 , 209
320 , 209
320 , 211
319 , 211
321 , 211
322 , 211
323 , 211
324 , 211
325 , 212
324 , 213
326 , 213
327 , 213
328 , 214
329 , 214
330 , 215
329 , 216
330 , 217
331 , 216
332 , 217
331 , 218
332 , 219
333 , 219
331 , 220
332 , 221
331 , 222
332 , 223
331 , 224
332 , 225
331 , 226
332 , 227
333 , 227
333 , 229
332 , 229
331 , 228
331 , 230
332 , 231
331 , 232
330 , 232
330 , 234
331 , 234
332 , 233
331 , 236
330 , 236
329 , 236
328 , 237
327 , 238
328 , 239
327 , 240
326 , 240
326 , 242
325 , 242
325 , 244
324 , 244
323 , 244
322 , 245
323 , 246
324 , 246
322 , 247
321 , 248
320 , 249
321 , 250
320 , 251
319 , 252
318 , 253
319 , 254
318 , 255
317 , 255
317 , 257
316 , 257
316 , 259
317 , 259
318 , 259
318 , 257
319 , 256
320 , 253
321 , 252
322 , 249
323 , 248
326 , 250
327 , 249
328 , 249
328 , 247
329 , 247
329 , 245
330 , 245
331 , 245
332 , 245
333 , 245
334 , 244
333 , 243
332 , 243
334 , 246
335 , 245
336 , 245
337 , 245
338 , 245
338 , 247
337 , 247
336 , 247
339 , 247
340 , 247
341 , 247
342 , 247
342 , 249
341 , 249
340 , 249
343 , 249
344 , 248
345 , 249
346 , 249
346 , 251
345 , 251
344 , 250
347 , 251
348 , 252
347 , 253
348 , 254
349 , 253
350 , 254
349 , 255
350 , 256
349 , 257
350 , 258
349 , 259
350 , 260
351 , 259
351 , 257
351 , 261
350 , 262
351 , 263
350 , 264
349 , 265
350 , 266
349 , 267
350 , 268
349 , 269
348 , 269
348 , 271
349 , 271
350 , 270
351 , 267
351 , 265
357 , 267
358 , 266
359 , 265
358 , 264
359 , 263
358 , 262
359 , 261
360 , 261
360 , 259
359 , 259
358 , 258
359 , 257
360 , 257
360 , 255
359 , 255
358 , 254
359 , 253
360 , 253
358 , 252
357 , 251
358 , 250
357 , 249
356 , 248
357 , 247
356 , 246
355 , 246
355 , 244
354 , 244
354 , 242
353 , 242
353 , 240
352 , 240
351 , 240
351 , 238
350 , 238
349 , 238
348 , 237
347 , 236
348 , 235
347 , 234
346 , 234
345 , 233
344 , 232
343 , 232
343 , 230
342 , 230
341 , 229
340 , 229
339 , 228
340 , 227
341 , 227
342 , 228
344 , 230
345 , 231
346 , 232
349 , 229
350 , 229
351 , 229
352 , 229
352 , 231
351 , 231
353 , 231
354 , 232
355 , 232
355 , 234
354 , 234
353 , 233
356 , 234
357 , 235
358 , 235
358 , 237
357 , 237
356 , 236
359 , 237
360 , 238
361 , 239
360 , 240
361 , 241
362 , 240
363 , 241
364 , 241
364 , 243
363 , 243
362 , 242
364 , 245
365 , 244
366 , 245
365 , 246
364 , 247
365 , 248
366 , 247
366 , 249
365 , 250
366 , 251
365 , 252
366 , 253
365 , 254
366 , 255
365 , 256
366 , 257
365 , 258
364 , 259
365 , 260
364 , 261
365 , 262
364 , 263
363 , 263
363 , 265
364 , 265
365 , 264
364 , 267
363 , 267
362 , 267
362 , 269
363 , 269
362 , 271
361 , 271
360 , 272
361 , 273
360 , 274
359 , 275
358 , 276
359 , 277
358 , 278
357 , 279
357 , 281
356 , 281
355 , 282
355 , 284
354 , 284
353 , 285
353 , 287
352 , 288
351 , 288
350 , 289
351 , 290
350 , 291
349 , 292
348 , 292
348 , 294
347 , 294
346 , 294
345 , 293
344 , 294
343 , 294
342 , 293
341 , 292
342 , 291
343 , 292
342 , 295
342 , 297
341 , 298
340 , 298
339 , 298
338 , 299
339 , 300
340 , 300
340 , 302
339 , 302
338 , 301
338 , 303
337 , 303
336 , 303
335 , 302
334 , 302
333 , 302
332 , 302
331 , 301
330 , 300
329 , 299
328 , 298
329 , 297
328 , 296
327 , 296
327 , 294
328 , 294
327 , 292
327 , 290
328 , 288
328 , 286
327 , 286
327 , 284
328 , 284
329 , 284
330 , 284
331 , 284
332 , 284
333 , 283
334 , 283
335 , 283
336 , 282
335 , 281
337 , 281
338 , 280
339 , 280
340 , 280
341 , 280
342 , 280
343 , 279
342 , 278
343 , 277
344 , 276
345 , 276
346 , 275
347 , 274
346 , 273
347 , 272
348 , 273
347 , 276
346 , 277
345 , 278
344 , 278
341 , 282
340 , 282
339 , 282
338 , 282
344 , 287
345 , 288
346 , 288
347 , 287
348 , 285
349 , 285
349 , 283
350 , 283
351 , 282
352 , 281
352 , 279
353 , 279
354 , 278
353 , 277
354 , 276
355 , 275
356 , 274
355 , 273
356 , 272
357 , 271
356 , 270
357 , 269
358 , 268
358 , 260
358 , 256
359 , 251
359 , 249
358 , 248
358 , 246
357 , 245
356 , 244
355 , 242
352 , 238
350 , 236
349 , 236
348 , 228
347 , 227
348 , 226
347 , 225
346 , 225
345 , 224
344 , 223
343 , 223
343 , 221
342 , 221
341 , 220
340 , 220
339 , 219
340 , 218
339 , 217
338 , 217
337 , 216
338 , 215
337 , 214
336 , 214
335 , 213
336 , 212
337 , 212
335 , 211
334 , 211
336 , 210
337 , 205
337 , 203
337 , 201
336 , 198
336 , 196
336 , 194
328 , 195
327 , 194
326 , 194
325 , 193
326 , 192
327 , 192
325 , 191
326 , 190
325 , 189
324 , 189
324 , 187
325 , 187
326 , 188
323 , 186
322 , 185
323 , 184
322 , 183
321 , 183
321 , 181
320 , 181
320 , 179
321 , 179
327 , 180
328 , 177
331 , 181
332 , 182
330 , 184
331 , 185
324 , 185
314 , 180
313 , 180
312 , 181
317 , 174
326 , 196
327 , 196
328 , 197
327 , 198
326 , 198
327 , 200
328 , 199
328 , 201
328 , 203
327 , 204
335 , 222
336 , 222
337 , 223
336 , 224
337 , 225
338 , 224
338 , 226
339 , 226
346 , 223
349 , 227
350 , 227
362 , 238
367 , 250
367 , 252
367 , 254
366 , 259
366 , 261
360 , 276
344 , 289
345 , 295
337 , 295
336 , 295
336 , 293
335 , 293
335 , 291
334 , 291
333 , 291
332 , 291
331 , 290
332 , 289
333 , 289
334 , 289
336 , 291
337 , 291
337 , 293
330 , 286
329 , 286
323 , 285
322 , 285
321 , 284
322 , 283
323 , 283
323 , 281
322 , 281
321 , 280
322 , 279
323 , 279
323 , 277
322 , 277
321 , 276
322 , 275
323 , 275
323 , 273
322 , 273
321 , 272
322 , 271
323 , 271
323 , 269
322 , 269
322 , 267
323 , 267
324 , 267
324 , 265
323 , 265
322 , 265
323 , 263
324 , 263
325 , 263
325 , 261
324 , 261
323 , 261
324 , 259
325 , 259
326 , 258
325 , 257
324 , 257
325 , 255
326 , 254
325 , 253
326 , 252
327 , 251
328 , 251
327 , 253
326 , 256
317 , 261
316 , 261
315 , 261
315 , 263
314 , 263
314 , 265
315 , 265
316 , 265
316 , 263
315 , 267
314 , 267
313 , 267
313 , 269
314 , 269
314 , 271
313 , 271
312 , 271
312 , 273
313 , 273
314 , 273
313 , 275
312 , 275
312 , 277
311 , 277
311 , 279
312 , 279
313 , 279
313 , 277
313 , 281
312 , 281
311 , 281
311 , 283
312 , 283
313 , 283
313 , 285
312 , 285
311 , 285
311 , 287
312 , 287
313 , 287
313 , 289
312 , 289
311 , 289
311 , 291
312 , 291
313 , 291
313 , 293
312 , 293
312 , 295
313 , 295
314 , 294
314 , 296
313 , 297
312 , 297
313 , 299
314 , 298
315 , 298
315 , 300
314 , 300
313 , 301
314 , 302
315 , 302
316 , 303
315 , 304
314 , 304
315 , 306
316 , 305
317 , 305
317 , 307
316 , 307
316 , 309
317 , 309
318 , 308
318 , 310
317 , 311
318 , 312
319 , 311
319 , 313
320 , 313
320 , 315
319 , 315
318 , 314
319 , 317
320 , 317
321 , 317
321 , 319
320 , 319
320 , 321
321 , 321
322 , 320
322 , 322
321 , 323
320 , 323
321 , 325
322 , 324
323 , 324
323 , 326
322 , 326
321 , 327
322 , 328
323 , 328
323 , 330
322 , 330
321 , 331
320 , 332
319 , 332
318 , 332
317 , 332
316 , 332
315 , 333
314 , 334
313 , 334
312 , 335
311 , 335
310 , 336
309 , 335
309 , 337
308 , 337
307 , 338
306 , 337
306 , 339
305 , 339
304 , 340
303 , 341
302 , 341
301 , 342
300 , 342
299 , 342
298 , 343
297 , 344
296 , 345
295 , 345
294 , 344
294 , 346
293 , 346
292 , 345
291 , 346
290 , 346
289 , 346
288 , 347
287 , 347
289 , 348
285 , 349
284 , 350
283 , 349
282 , 349
281 , 350
280 , 351
279 , 352
280 , 353
279 , 354
280 , 355
279 , 356
278 , 356
278 , 358
279 , 358
280 , 357
280 , 359
279 , 360
278 , 360
278 , 362
279 , 362
280 , 361
280 , 363
279 , 364
278 , 364
278 , 366
279 , 366
280 , 365
280 , 367
279 , 368
278 , 368
278 , 370
279 , 370
280 , 369
280 , 371
279 , 372
278 , 372
278 , 374
279 , 374
280 , 373
280 , 375
279 , 376
280 , 377
279 , 378
280 , 379
281 , 379
281 , 381
280 , 381
279 , 380
280 , 383
281 , 383
282 , 383
282 , 385
281 , 385
280 , 385
281 , 387
282 , 387
283 , 387
283 , 389
282 , 389
281 , 389
282 , 391
283 , 391
284 , 392
283 , 393
282 , 393
283 , 395
284 , 394
284 , 396
285 , 396
285 , 398
284 , 398
284 , 400
285 , 400
286 , 399
286 , 401
285 , 402
286 , 403
287 , 404
288 , 405
289 , 405
290 , 405
291 , 405
291 , 403
290 , 403
290 , 401
291 , 401
291 , 399
290 , 399
290 , 397
291 , 397
292 , 396
291 , 395
290 , 395
290 , 393
291 , 393
292 , 392
291 , 391
290 , 391
290 , 389
291 , 389
292 , 388
291 , 387
290 , 387
290 , 385
291 , 385
292 , 384
291 , 383
292 , 382
291 , 381
291 , 379
291 , 377
292 , 377
292 , 375
291 , 375
292 , 373
293 , 372
292 , 371
293 , 370
292 , 369
293 , 368
294 , 367
295 , 367
295 , 365
294 , 365
296 , 365
297 , 365
298 , 365
299 , 365
299 , 367
298 , 367
298 , 369
299 , 369
299 , 371
298 , 371
297 , 371
297 , 373
298 , 373
296 , 374
297 , 375
296 , 376
296 , 378
295 , 378
295 , 380
294 , 380
293 , 381
294 , 382
293 , 383
293 , 385
292 , 386
292 , 390
292 , 394
287 , 406
288 , 407
289 , 407
290 , 407
290 , 409
289 , 409
288 , 409
288 , 411
289 , 411
290 , 411
290 , 413
289 , 413
288 , 413
288 , 415
289 , 415
290 , 415
289 , 417
288 , 417
287 , 418
288 , 419
289 , 419
289 , 421
288 , 421
287 , 420
287 , 422
286 , 423
287 , 424
286 , 425
287 , 426
286 , 427
285 , 428
286 , 429
285 , 430
286 , 431
285 , 432
284 , 432
284 , 434
285 , 434
286 , 433
286 , 435
285 , 436
284 , 436
283 , 436
283 , 438
284 , 438
285 , 438
285 , 440
284 , 440
283 , 440
283 , 442
284 , 442
284 , 444
283 , 444
282 , 443
282 , 445
283 , 446
284 , 446
284 , 448
283 , 448
282 , 447
282 , 449
283 , 450
284 , 450
282 , 451
283 , 452
282 , 453
283 , 454
282 , 455
283 , 456
282 , 457
281 , 458
282 , 459
281 , 460
282 , 461
281 , 462
282 , 463
281 , 464
282 , 465
281 , 466
282 , 467
283 , 464
283 , 462
283 , 460
283 , 458
295 , 460
296 , 459
296 , 457
297 , 457
297 , 455
296 , 455
300 , 456
301 , 456
302 , 455
302 , 457
301 , 458
302 , 459
303 , 459
303 , 461
302 , 461
302 , 463
303 , 463
304 , 464
303 , 465
302 , 465
303 , 467
304 , 466
304 , 468
305 , 468
305 , 470
304 , 470
303 , 469
304 , 472
305 , 472
306 , 472
306 , 474
305 , 474
304 , 474
305 , 476
306 , 476
307 , 477
306 , 478
305 , 478
306 , 480
307 , 479
308 , 479
308 , 481
307 , 481
307 , 483
308 , 483
309 , 484
308 , 485
309 , 486
308 , 487
309 , 488
310 , 487
311 , 487
312 , 487
313 , 488
312 , 489
311 , 489
312 , 491
313 , 490
314 , 489
314 , 487
315 , 487
316 , 487
317 , 486
316 , 485
317 , 484
318 , 483
319 , 482
320 , 482
321 , 482
322 , 481
324 , 481
326 , 479
327 , 480
329 , 484
329 , 486
328 , 491
331 , 497
332 , 500
332 , 502
333 , 505
333 , 507
333 , 509
334 , 510
334 , 512
336 , 521
337 , 524
337 , 526
336 , 531
336 , 535
339 , 540
340 , 540
341 , 540
342 , 541
343 , 540
343 , 542
338 , 543
337 , 542
337 , 544
336 , 544
335 , 545
334 , 546
333 , 546
332 , 545
331 , 545
330 , 545
329 , 545
329 , 543
328 , 543
327 , 543
327 , 541
326 , 541
326 , 539
327 , 539
328 , 539
328 , 541
330 , 543
335 , 547
336 , 546
337 , 546
336 , 553
334 , 555
333 , 555
332 , 556
331 , 557
330 , 558
329 , 559
330 , 560
329 , 561
328 , 561
327 , 562
326 , 563
325 , 563
325 , 565
324 , 565
324 , 567
323 , 567
322 , 567
322 , 569
321 , 569
326 , 565
327 , 564
328 , 563
331 , 559
332 , 558
333 , 557
328 , 552
327 , 552
326 , 552
325 , 552
323 , 557
339 , 567
340 , 567
341 , 566
342 , 565
347 , 570
346 , 571
344 , 573
341 , 575
340 , 576
339 , 576
338 , 577
336 , 579
335 , 579
334 , 580
333 , 581
329 , 583
328 , 583
326 , 584
324 , 584
322 , 585
320 , 585
319 , 585
318 , 585
316 , 585
315 , 584
323 , 578
325 , 577
349 , 566
350 , 565
327 , 537
326 , 537
325 , 536
324 , 535
325 , 534
324 , 533
323 , 532
324 , 531
323 , 530
324 , 529
323 , 528
322 , 528
322 , 526
323 , 526
324 , 527
323 , 524
322 , 524
321 , 523
322 , 522
321 , 521
320 , 521
320 , 519
321 , 519
322 , 520
321 , 517
320 , 517
319 , 516
320 , 515
319 , 514
318 , 514
318 , 512
319 , 512
320 , 513
319 , 510
318 , 510
317 , 509
316 , 508
317 , 507
316 , 506
315 , 505
316 , 504
315 , 503
316 , 502
315 , 501
314 , 501
314 , 499
315 , 499
316 , 500
315 , 497
314 , 497
313 , 496
312 , 495
313 , 494
312 , 493
313 , 492
314 , 495
313 , 498
317 , 503
317 , 505
318 , 506
318 , 508
317 , 511
319 , 518
321 , 525
325 , 530
325 , 532
326 , 533
326 , 535
325 , 538
318 , 485
319 , 484
320 , 484
321 , 484
326 , 475
326 , 473
326 , 471
325 , 470
325 , 468
324 , 465
324 , 463
323 , 462
323 , 460
318 , 451
316 , 444
305 , 442
304 , 442
303 , 441
304 , 440
305 , 440
305 , 438
304 , 438
306 , 438
306 , 436
305 , 436
307 , 436
307 , 434
306 , 434
306 , 432
307 , 432
308 , 431
307 , 430
308 , 429
309 , 428
309 , 426
310 , 426
312 , 424
313 , 424
313 , 419
313 , 417
314 , 417
314 , 415
313 , 415
315 , 415
315 , 413
316 , 413
317 , 412
316 , 411
317 , 410
316 , 409
317 , 408
318 , 407
319 , 407
319 , 405
318 , 405
317 , 406
318 , 403
319 , 403
320 , 402
319 , 401
320 , 400
321 , 400
321 , 398
320 , 398
319 , 399
320 , 396
321 , 396
322 , 396
322 , 394
321 , 394
320 , 394
321 , 392
322 , 392
323 , 391
322 , 390
323 , 389
325 , 384
326 , 381
321 , 380
320 , 379
319 , 379
319 , 381
320 , 381
321 , 378
320 , 377
321 , 376
322 , 375
323 , 375
323 , 373
322 , 373
323 , 371
324 , 371
325 , 370
324 , 369
325 , 368
326 , 368
326 , 366
325 , 366
324 , 367
326 , 364
327 , 363
328 , 363
328 , 361
327 , 361
326 , 362
327 , 359
328 , 359
329 , 358
328 , 357
329 , 356
328 , 355
329 , 354
328 , 353
329 , 352
330 , 353
330 , 355
329 , 360
327 , 365
329 , 373
322 , 377
316 , 392
315 , 395
315 , 397
314 , 398
318 , 409
309 , 430
308 , 433
303 , 443
302 , 444
303 , 445
302 , 446
301 , 446
300 , 447
299 , 448
298 , 448
298 , 450
299 , 450
300 , 449
301 , 448
302 , 448
301 , 450
300 , 451
304 , 444
296 , 461
295 , 462
296 , 463
295 , 464
287 , 430
287 , 428
288 , 425
288 , 423
294 , 369
297 , 363
298 , 363
299 , 353
296 , 353
295 , 353
302 , 353
303 , 352
304 , 352
305 , 352
307 , 350
308 , 350
310 , 348
311 , 348
318 , 344
321 , 343
322 , 342
323 , 342
325 , 343
327 , 343
330 , 342
331 , 343
331 , 340
330 , 340
330 , 338
331 , 338
331 , 336
330 , 336
329 , 335
330 , 334
331 , 334
331 , 332
330 , 332
329 , 331
330 , 330
329 , 329
330 , 328
329 , 327
328 , 327
328 , 325
329 , 325
330 , 324
329 , 323
328 , 323
328 , 321
329 , 321
329 , 319
328 , 319
327 , 318
328 , 317
327 , 316
326 , 316
326 , 314
327 , 314
328 , 313
327 , 312
326 , 312
325 , 311
326 , 310
327 , 310
327 , 308
326 , 308
325 , 307
326 , 306
325 , 305
324 , 305
324 , 303
325 , 303
326 , 304
325 , 301
324 , 301
324 , 299
323 , 299
323 , 297
324 , 297
324 , 295
323 , 295
323 , 293
323 , 291
322 , 291
322 , 289
323 , 289
323 , 287
322 , 287
321 , 286
321 , 282
321 , 278
321 , 274
329 , 301
330 , 302
331 , 303
332 , 304
333 , 304
334 , 304
335 , 304
340 , 304
341 , 304
341 , 306
340 , 306
342 , 306
343 , 307
342 , 308
341 , 308
342 , 310
343 , 309
344 , 310
343 , 311
342 , 312
343 , 313
344 , 312
344 , 314
345 , 314
345 , 316
344 , 316
346 , 316
346 , 318
345 , 318
345 , 320
346 , 320
347 , 320
347 , 318
347 , 322
346 , 322
348 , 322
349 , 323
348 , 324
347 , 324
348 , 326
349 , 325
350 , 326
349 , 327
348 , 328
349 , 329
350 , 328
351 , 329
350 , 330
349 , 331
350 , 332
351 , 331
352 , 332
351 , 333
352 , 334
351 , 335
352 , 336
353 , 335
353 , 337
354 , 337
354 , 339
353 , 339
352 , 338
353 , 341
354 , 341
355 , 341
356 , 342
355 , 343
354 , 343
355 , 345
356 , 344
356 , 346
357 , 346
358 , 347
357 , 348
356 , 348
355 , 347
356 , 350
357 , 350
358 , 349
359 , 350
358 , 351
357 , 352
358 , 353
359 , 352
359 , 354
360 , 354
360 , 356
359 , 356
358 , 355
359 , 358
360 , 358
361 , 358
362 , 359
361 , 360
360 , 360
361 , 362
362 , 361
363 , 361
363 , 363
362 , 363
362 , 365
363 , 365
364 , 365
364 , 367
363 , 367
364 , 369
365 , 368
365 , 370
366 , 370
366 , 372
365 , 372
364 , 371
365 , 374
366 , 374
367 , 374
367 , 372
367 , 376
366 , 376
368 , 376
369 , 377
368 , 378
367 , 378
368 , 380
369 , 379
370 , 380
369 , 381
368 , 382
369 , 383
370 , 382
370 , 384
371 , 384
371 , 386
370 , 386
369 , 385
372 , 386
372 , 388
371 , 388
371 , 390
372 , 390
373 , 390
373 , 388
373 , 392
372 , 392
374 , 392
374 , 394
373 , 394
373 , 396
374 , 396
375 , 395
376 , 396
375 , 397
374 , 398
375 , 399
376 , 398
377 , 399
376 , 400
375 , 401
376 , 402
377 , 401
377 , 403
378 , 403
379 , 404
378 , 405
377 , 405
376 , 404
378 , 407
379 , 406
379 , 408
378 , 409
379 , 410
380 , 409
380 , 411
381 , 411
381 , 413
380 , 413
379 , 412
382 , 413
382 , 415
381 , 415
381 , 417
382 , 417
383 , 416
383 , 418
382 , 419
383 , 420
384 , 419
384 , 421
385 , 421
385 , 423
384 , 423
383 , 422
384 , 425
385 , 425
386 , 424
386 , 426
385 , 427
386 , 428
387 , 427
387 , 429
388 , 429
388 , 431
387 , 431
386 , 430
387 , 433
388 , 433
389 , 432
389 , 434
388 , 435
389 , 436
390 , 435
390 , 437
389 , 438
390 , 439
391 , 439
391 , 441
390 , 441
392 , 441
392 , 443
392 , 445
391 , 445
391 , 447
390 , 447
389 , 446
388 , 445
387 , 445
386 , 445
385 , 445
384 , 445
383 , 446
382 , 446
382 , 448
381 , 448
380 , 448
380 , 450
379 , 450
379 , 452
378 , 452
377 , 453
378 , 454
379 , 454
377 , 455
378 , 456
377 , 457
376 , 457
376 , 459
377 , 459
377 , 461
376 , 461
375 , 460
375 , 462
374 , 463
375 , 464
374 , 465
373 , 465
373 , 467
372 , 467
372 , 469
373 , 469
371 , 470
370 , 470
370 , 472
369 , 472
368 , 473
367 , 472
366 , 473
367 , 474
366 , 475
365 , 475
364 , 476
363 , 476
363 , 478
364 , 478
365 , 477
364 , 480
363 , 480
363 , 482
364 , 482
364 , 484
363 , 484
364 , 486
365 , 485
366 , 484
367 , 485
368 , 485
368 , 483
369 , 482
368 , 481
367 , 481
366 , 486
367 , 487
368 , 487
369 , 487
370 , 487
371 , 488
372 , 488
373 , 487
374 , 487
375 , 488
374 , 489
373 , 489
370 , 489
371 , 494
372 , 494
370 , 495
369 , 495
369 , 497
370 , 497
371 , 496
371 , 498
372 , 498
373 , 498
374 , 498
375 , 499
374 , 500
373 , 500
370 , 499
376 , 498
377 , 497
378 , 498
379 , 498
380 , 497
380 , 495
381 , 495
382 , 494
383 , 494
384 , 494
384 , 492
383 , 492
385 , 492
385 , 490
386 , 490
386 , 488
385 , 488
385 , 486
384 , 486
383 , 485
382 , 484
382 , 486
381 , 486
380 , 486
379 , 486
378 , 486
377 , 487
376 , 487
378 , 488
379 , 488
376 , 492
375 , 493
380 , 493
381 , 493
383 , 496
384 , 496
385 , 497
384 , 498
385 , 499
386 , 499
386 , 501
385 , 501
387 , 501
387 , 503
386 , 503
386 , 505
387 , 505
388 , 505
388 , 507
387 , 507
389 , 507
389 , 509
388 , 509
390 , 509
390 , 511
389 , 511
391 , 511
392 , 512
391 , 513
390 , 513
391 , 515
392 , 514
393 , 515
394 , 515
394 , 517
393 , 517
392 , 516
395 , 517
396 , 518
395 , 519
394 , 519
396 , 520
397 , 520
398 , 521
399 , 521
399 , 523
398 , 523
397 , 522
400 , 523
401 , 523
401 , 525
400 , 525
402 , 525
402 , 527
401 , 527
403 , 527
404 , 528
403 , 529
404 , 530
405 , 529
405 , 531
406 , 531
406 , 533
405 , 533
406 , 535
407 , 535
408 , 538
409 , 538
410 , 538
411 , 538
411 , 540
410 , 540
409 , 540
408 , 540
408 , 542
409 , 542
410 , 542
411 , 542
411 , 544
410 , 544
409 , 544
408 , 544
408 , 546
409 , 546
410 , 546
411 , 548
411 , 550
410 , 551
411 , 552
410 , 553
411 , 554
410 , 557
411 , 558
412 , 558
413 , 559
412 , 560
411 , 560
410 , 559
410 , 561
411 , 562
412 , 562
412 , 564
411 , 564
410 , 563
410 , 565
411 , 566
412 , 566
410 , 567
409 , 568
410 , 569
409 , 570
410 , 571
409 , 572
410 , 573
409 , 574
410 , 575
409 , 576
408 , 577
409 , 578
408 , 579
409 , 580
408 , 581
409 , 582
408 , 583
409 , 584
408 , 585
409 , 586
408 , 587
409 , 588
408 , 589
407 , 589
406 , 589
405 , 590
404 , 591
403 , 592
404 , 593
403 , 594
402 , 594
401 , 593
400 , 593
399 , 593
398 , 592
397 , 592
397 , 590
398 , 590
399 , 591
398 , 588
397 , 588
396 , 587
395 , 587
395 , 585
396 , 585
397 , 584
396 , 583
395 , 583
395 , 581
396 , 581
397 , 580
396 , 579
397 , 578
396 , 577
397 , 576
396 , 575
397 , 574
398 , 573
399 , 573
399 , 571
398 , 571
397 , 572
398 , 569
399 , 569
400 , 568
399 , 567
400 , 566
399 , 565
400 , 564
401 , 563
400 , 562
401 , 561
402 , 560
403 , 559
402 , 558
403 , 557
404 , 556
405 , 556
405 , 554
404 , 554
406 , 554
406 , 552
405 , 552
407 , 552
407 , 550
406 , 550
407 , 548
415 , 554
416 , 555
417 , 555
418 , 555
419 , 554
418 , 553
417 , 553
418 , 551
419 , 550
420 , 550
421 , 550
422 , 549
421 , 548
420 , 548
419 , 548
418 , 547
419 , 546
418 , 545
419 , 544
418 , 543
419 , 542
418 , 541
419 , 540
420 , 539
419 , 538
420 , 537
421 , 536
420 , 535
421 , 534
422 , 533
423 , 533
423 , 531
422 , 531
421 , 532
422 , 535
421 , 538
420 , 541
424 , 543
425 , 543
426 , 542
427 , 542
427 , 540
426 , 540
425 , 541
426 , 544
425 , 545
424 , 545
423 , 546
422 , 547
423 , 548
424 , 547
418 , 549
419 , 552
419 , 556
419 , 558
420 , 558
420 , 560
419 , 560
418 , 559
418 , 561
419 , 562
420 , 562
420 , 564
419 , 564
419 , 566
420 , 566
421 , 565
421 , 567
420 , 568
419 , 568
419 , 570
420 , 570
421 , 569
421 , 571
420 , 572
419 , 572
419 , 574
420 , 574
421 , 573
421 , 575
420 , 576
419 , 576
419 , 578
420 , 578
421 , 577
421 , 579
420 , 580
419 , 580
419 , 582
420 , 582
420 , 584
419 , 584
418 , 584
418 , 586
419 , 586
419 , 588
418 , 588
417 , 588
417 , 590
416 , 590
415 , 590
414 , 589
413 , 589
412 , 588
411 , 589
410 , 589
410 , 587
410 , 585
410 , 583
410 , 581
410 , 579
410 , 577
411 , 574
411 , 572
411 , 570
411 , 568
402 , 564
401 , 565
402 , 562
403 , 561
404 , 558
414 , 557
415 , 556
400 , 570
398 , 575
398 , 577
398 , 579
397 , 582
397 , 586
396 , 589
400 , 595
401 , 595
405 , 594
406 , 593
405 , 592
406 , 591
407 , 591
412 , 590
413 , 591
414 , 591
418 , 590
448 , 584
449 , 584
450 , 584
451 , 584
452 , 585
451 , 586
450 , 586
453 , 586
454 , 586
455 , 585
456 , 586
455 , 587
457 , 587
458 , 587
459 , 586
458 , 585
457 , 585
459 , 584
460 , 583
461 , 583
462 , 582
461 , 581
462 , 580
463 , 579
464 , 579
464 , 577
463 , 577
462 , 578
463 , 581
467 , 582
468 , 581
469 , 580
468 , 579
469 , 578
470 , 577
469 , 576
470 , 575
470 , 573
469 , 571
468 , 571
467 , 571
466 , 572
465 , 573
466 , 574
465 , 575
464 , 575
465 , 577
470 , 579
469 , 582
468 , 583
467 , 584
468 , 585
467 , 586
466 , 586
466 , 588
467 , 588
468 , 587
468 , 589
467 , 590
468 , 591
469 , 590
469 , 592
470 , 592
471 , 591
472 , 591
473 , 592
474 , 592
475 , 592
476 , 591
475 , 590
474 , 590
476 , 589
477 , 588
478 , 587
479 , 587
480 , 587
480 , 585
479 , 585
478 , 585
479 , 583
480 , 583
481 , 582
480 , 581
481 , 580
480 , 579
481 , 578
480 , 577
481 , 576
480 , 575
479 , 575
478 , 574
477 , 573
478 , 572
477 , 571
476 , 570
475 , 569
476 , 568
475 , 567
476 , 566
475 , 565
476 , 564
475 , 563
476 , 562
475 , 561
476 , 560
475 , 559
476 , 558
475 , 557
476 , 556
475 , 555
476 , 554
475 , 553
476 , 552
475 , 551
476 , 550
477 , 549
476 , 548
477 , 547
476 , 546
477 , 545
476 , 544
477 , 543
476 , 542
477 , 541
476 , 540
477 , 539
478 , 538
477 , 537
478 , 536
479 , 536
479 , 534
478 , 534
477 , 533
478 , 532
479 , 532
479 , 530
478 , 530
477 , 529
478 , 528
479 , 528
479 , 526
478 , 526
477 , 525
478 , 524
479 , 524
479 , 522
478 , 522
477 , 521
478 , 520
479 , 520
477 , 519
478 , 518
477 , 517
476 , 516
477 , 515
476 , 514
475 , 513
476 , 512
475 , 511
474 , 511
473 , 511
473 , 509
474 , 509
475 , 509
473 , 507
472 , 506
471 , 506
470 , 505
469 , 504
468 , 504
467 , 504
466 , 504
465 , 504
464 , 504
463 , 505
462 , 506
461 , 506
461 , 508
462 , 508
463 , 507
464 , 506
465 , 506
466 , 506
467 , 506
468 , 506
469 , 506
470 , 507
471 , 508
472 , 508
477 , 513
478 , 516
477 , 523
477 , 527
477 , 531
477 , 535
472 , 535
471 , 535
471 , 533
472 , 533
472 , 531
471 , 531
471 , 529
472 , 529
472 , 527
471 , 527
470 , 527
470 , 525
471 , 525
472 , 525
471 , 523
470 , 523
469 , 523
469 , 521
470 , 521
469 , 519
468 , 519
467 , 518
466 , 518
465 , 519
466 , 520
467 , 520
465 , 521
464 , 521
464 , 523
465 , 523
465 , 525
464 , 525
464 , 527
465 , 527
466 , 528
465 , 529
464 , 529
465 , 531
466 , 530
466 , 532
465 , 533
466 , 534
467 , 534
467 , 536
466 , 536
467 , 538
468 , 538
469 , 539
468 , 540
469 , 541
470 , 540
471 , 539
470 , 538
471 , 537
470 , 542
469 , 543
470 , 544
469 , 545
470 , 546
469 , 547
468 , 547
468 , 549
469 , 549
470 , 548
471 , 547
471 , 545
471 , 549
468 , 552
467 , 553
468 , 554
467 , 555
468 , 556
468 , 558
469 , 559
468 , 560
469 , 561
468 , 562
469 , 563
468 , 564
469 , 565
470 , 564
470 , 562
470 , 560
471 , 559
470 , 558
470 , 566
469 , 567
468 , 567
468 , 569
467 , 569
469 , 569
470 , 568
470 , 570
479 , 573
480 , 573
481 , 574
481 , 569
480 , 569
480 , 567
481 , 567
481 , 565
480 , 565
480 , 563
481 , 563
481 , 561
480 , 561
480 , 559
481 , 559
481 , 557
480 , 557
480 , 555
481 , 555
482 , 554
481 , 553
482 , 552
481 , 551
482 , 550
483 , 549
482 , 548
483 , 547
484 , 547
484 , 545
483 , 545
485 , 545
486 , 544
485 , 543
484 , 543
485 , 541
486 , 540
487 , 540
487 , 538
486 , 538
485 , 539
486 , 536
487 , 536
488 , 535
487 , 534
488 , 533
489 , 532
488 , 531
489 , 530
488 , 529
489 , 528
490 , 527
491 , 527
491 , 525
490 , 525
489 , 524
490 , 523
491 , 523
491 , 521
490 , 521
489 , 520
490 , 519
491 , 519
491 , 517
490 , 517
489 , 516
490 , 515
491 , 515
491 , 513
490 , 513
489 , 512
488 , 511
489 , 510
488 , 509
489 , 508
488 , 507
487 , 506
488 , 505
487 , 504
488 , 503
487 , 502
488 , 501
487 , 500
486 , 500
486 , 498
487 , 498
488 , 499
487 , 496
486 , 496
485 , 495
484 , 495
484 , 493
483 , 493
483 , 491
484 , 491
485 , 491
485 , 493
486 , 494
485 , 497
482 , 490
483 , 489
484 , 489
482 , 488
481 , 488
481 , 486
482 , 486
483 , 487
482 , 484
481 , 484
480 , 483
479 , 482
480 , 481
479 , 480
478 , 479
479 , 478
478 , 477
479 , 476
478 , 475
477 , 474
478 , 473
477 , 472
478 , 471
477 , 470
478 , 469
477 , 468
478 , 467
479 , 466
478 , 465
479 , 464
478 , 463
479 , 462
480 , 461
481 , 461
481 , 459
480 , 459
479 , 460
480 , 463
480 , 465
479 , 468
479 , 470
479 , 472
479 , 474
480 , 477
480 , 479
481 , 480
481 , 482
480 , 485
489 , 504
489 , 506
490 , 507
490 , 509
490 , 511
489 , 514
489 , 518
489 , 522
489 , 526
490 , 529
490 , 531
489 , 534
488 , 537
486 , 542
478 , 542
478 , 540
478 , 544
477 , 551
483 , 551
457 , 551
456 , 550
455 , 550
455 , 548
456 , 548
457 , 549
456 , 546
455 , 546
454 , 546
454 , 544
455 , 544
456 , 544
455 , 542
454 , 542
453 , 541
452 , 540
451 , 539
452 , 538
451 , 537
452 , 536
451 , 535
450 , 535
450 , 533
449 , 533
449 , 531
448 , 531
447 , 530
446 , 529
445 , 528
444 , 527
443 , 526
442 , 527
441 , 527
440 , 528
439 , 528
438 , 528
437 , 528
436 , 527
435 , 528
434 , 528
433 , 527
432 , 528
431 , 528
430 , 528
429 , 527
428 , 526
427 , 525
426 , 525
426 , 523
427 , 523
428 , 522
427 , 521
426 , 521
425 , 520
426 , 519
427 , 519
427 , 517
426 , 517
425 , 518
426 , 515
427 , 515
427 , 513
426 , 513
426 , 511
425 , 511
427 , 511
428 , 511
429 , 510
428 , 509
427 , 509
426 , 509
426 , 506
425 , 506
425 , 504
426 , 502
426 , 500
427 , 500
428 , 500
429 , 500
430 , 500
430 , 498
429 , 498
428 , 498
427 , 498
429 , 502
430 , 502
430 , 504
429 , 504
429 , 506
430 , 506
429 , 508
428 , 513
433 , 518
434 , 518
435 , 517
436 , 517
437 , 517
438 , 517
439 , 516
440 , 516
441 , 515
440 , 514
439 , 514
438 , 515
437 , 515
436 , 515
435 , 519
434 , 520
433 , 520
432 , 519
432 , 521
431 , 521
428 , 524
427 , 527
426 , 527
425 , 528
424 , 528
423 , 529
424 , 530
428 , 528
429 , 529
429 , 531
429 , 533
428 , 533
428 , 535
429 , 535
429 , 537
428 , 537
427 , 536
427 , 538
428 , 539
434 , 530
435 , 530
436 , 529
433 , 529
441 , 529
442 , 529
443 , 528
444 , 529
446 , 527
447 , 528
448 , 529
449 , 529
450 , 531
451 , 533
452 , 534
453 , 537
453 , 539
454 , 540
453 , 543
456 , 552
457 , 553
456 , 554
457 , 555
456 , 556
457 , 557
456 , 558
457 , 559
456 , 560
455 , 560
455 , 562
456 , 562
457 , 561
457 , 563
456 , 564
455 , 564
454 , 564
454 , 566
455 , 566
456 , 566
455 , 568
454 , 568
453 , 567
453 , 569
452 , 569
452 , 571
453 , 571
454 , 570
453 , 573
452 , 573
451 , 572
451 , 574
450 , 574
450 , 576
449 , 576
449 , 578
448 , 578
448 , 580
449 , 580
450 , 580
450 , 578
451 , 576
452 , 575
450 , 582
449 , 582
448 , 582
460 , 585
471 , 593
472 , 593
477 , 590
478 , 589
479 , 589
484 , 584
485 , 583
484 , 582
483 , 581
482 , 581
482 , 579
486 , 584
487 , 584
488 , 584
489 , 584
490 , 585
491 , 585
492 , 584
493 , 585
494 , 585
495 , 584
496 , 584
497 , 585
498 , 585
499 , 584
500 , 585
501 , 585
502 , 585
503 , 584
504 , 585
505 , 585
506 , 584
507 , 584
508 , 584
509 , 584
510 , 585
509 , 586
508 , 586
507 , 586
506 , 586
503 , 586
499 , 586
496 , 586
495 , 586
492 , 586
489 , 586
488 , 586
487 , 586
486 , 586
485 , 585
511 , 584
512 , 585
511 , 586
513 , 586
514 , 585
513 , 584
515 , 584
516 , 585
515 , 586
517 , 586
518 , 585
517 , 584
519 , 584
520 , 585
519 , 586
521 , 586
522 , 585
521 , 584
523 , 584
524 , 585
523 , 586
525 , 586
526 , 585
525 , 584
527 , 584
528 , 585
527 , 586
529 , 586
530 , 585
529 , 584
531 , 584
532 , 585
531 , 586
533 , 586
534 , 585
533 , 584
535 , 584
536 , 585
535 , 586
537 , 586
538 , 585
537 , 584
539 , 584
540 , 585
539 , 586
541 , 586
542 , 585
541 , 584
543 , 584
544 , 585
543 , 586
545 , 586
546 , 585
545 , 584
547 , 584
548 , 585
547 , 586
549 , 586
550 , 585
549 , 584
551 , 584
552 , 585
551 , 586
553 , 586
554 , 585
553 , 584
555 , 584
556 , 585
555 , 586
557 , 586
558 , 585
557 , 584
559 , 584
560 , 585
559 , 586
561 , 586
562 , 585
561 , 584
563 , 584
564 , 585
563 , 586
565 , 586
566 , 585
565 , 584
567 , 584
568 , 585
567 , 586
569 , 586
570 , 585
569 , 584
571 , 584
572 , 585
571 , 586
573 , 586
574 , 585
573 , 584
575 , 584
576 , 585
577 , 585
575 , 586
576 , 587
461 , 510
460 , 509
459 , 510
458 , 511
457 , 512
456 , 512
456 , 514
455 , 514
454 , 514
453 , 515
452 , 514
451 , 515
450 , 515
449 , 516
448 , 515
447 , 514
446 , 515
445 , 514
444 , 515
443 , 515
442 , 514
442 , 516
445 , 516
447 , 516
448 , 517
450 , 517
451 , 517
452 , 516
454 , 516
457 , 514
458 , 513
459 , 512
460 , 511
410 , 526
409 , 525
408 , 524
407 , 524
407 , 522
408 , 522
409 , 523
408 , 520
407 , 520
406 , 519
405 , 518
404 , 517
405 , 516
404 , 515
403 , 514
404 , 513
403 , 512
402 , 511
403 , 510
402 , 509
401 , 509
400 , 508
401 , 507
402 , 507
403 , 508
404 , 511
405 , 514
406 , 515
406 , 517
407 , 518
406 , 521
408 , 526
409 , 527
410 , 528
409 , 529
410 , 530
410 , 532
411 , 532
411 , 534
410 , 534
410 , 536
400 , 506
401 , 505
400 , 504
399 , 504
399 , 502
398 , 502
398 , 500
399 , 500
400 , 500
400 , 502
401 , 503
399 , 498
398 , 498
397 , 497
398 , 496
397 , 495
396 , 494
397 , 493
396 , 492
395 , 491
396 , 490
395 , 489
396 , 488
395 , 487
396 , 486
395 , 485
394 , 485
394 , 483
395 , 483
396 , 484
395 , 481
394 , 481
393 , 480
394 , 479
395 , 479
393 , 478
394 , 477
393 , 476
394 , 475
393 , 474
394 , 473
393 , 472
392 , 471
393 , 470
392 , 469
393 , 468
392 , 467
393 , 466
392 , 465
393 , 464
392 , 463
393 , 462
394 , 463
394 , 465
394 , 467
394 , 469
394 , 471
397 , 469
398 , 468
397 , 467
398 , 466
397 , 465
398 , 464
397 , 463
398 , 462
397 , 461
397 , 459
396 , 459
395 , 459
394 , 459
393 , 460
394 , 457
395 , 457
396 , 457
396 , 455
395 , 455
395 , 453
396 , 453
397 , 453
397 , 451
396 , 451
398 , 451
398 , 449
397 , 449
399 , 448
400 , 447
401 , 448
400 , 449
402 , 449
403 , 448
404 , 448
405 , 449
404 , 450
403 , 450
405 , 451
406 , 451
407 , 451
408 , 452
407 , 453
409 , 453
410 , 453
411 , 454
410 , 455
412 , 455
413 , 454
412 , 453
414 , 455
415 , 455
416 , 454
417 , 454
418 , 454
419 , 455
420 , 455
421 , 454
422 , 454
423 , 455
424 , 455
425 , 455
426 , 454
427 , 455
426 , 456
428 , 456
429 , 456
430 , 455
431 , 455
432 , 455
433 , 455
434 , 455
435 , 455
435 , 453
434 , 453
433 , 453
432 , 453
431 , 453
429 , 454
428 , 454
422 , 456
421 , 456
420 , 457
419 , 457
418 , 456
417 , 456
416 , 456
413 , 456
408 , 460
407 , 459
406 , 459
405 , 459
404 , 458
405 , 457
406 , 457
404 , 456
403 , 456
402 , 455
401 , 455
401 , 453
394 , 447
393 , 447
392 , 447
393 , 445
388 , 447
387 , 447
386 , 447
385 , 447
384 , 447
383 , 448
381 , 450
380 , 452
376 , 463
375 , 466
374 , 467
372 , 471
371 , 472
369 , 474
368 , 475
384 , 484
385 , 484
386 , 484
386 , 486
397 , 489
397 , 491
398 , 494
397 , 499
405 , 485
406 , 484
407 , 484
408 , 483
409 , 484
410 , 484
411 , 483
410 , 482
411 , 481
412 , 480
411 , 479
412 , 478
411 , 477
412 , 476
411 , 475
412 , 474
411 , 473
410 , 473
410 , 471
411 , 471
412 , 470
411 , 469
410 , 469
409 , 468
410 , 467
411 , 467
409 , 466
410 , 465
409 , 464
408 , 464
407 , 463
408 , 462
409 , 462
407 , 461
406 , 461
399 , 467
399 , 469
398 , 470
399 , 471
398 , 472
399 , 473
398 , 474
399 , 475
398 , 476
399 , 477
400 , 476
400 , 478
399 , 479
400 , 480
401 , 479
402 , 479
402 , 481
401 , 481
403 , 481
403 , 483
402 , 483
404 , 483
405 , 483
407 , 486
408 , 485
409 , 486
412 , 482
413 , 479
413 , 477
413 , 475
412 , 472
436 , 453
437 , 453
438 , 452
439 , 451
440 , 451
441 , 451
442 , 452
441 , 453
440 , 453
439 , 453
438 , 454
443 , 453
444 , 452
443 , 451
444 , 450
445 , 451
446 , 450
447 , 451
448 , 451
449 , 450
450 , 449
451 , 450
452 , 450
453 , 449
454 , 449
455 , 449
456 , 450
455 , 451
454 , 451
453 , 451
450 , 451
449 , 452
446 , 452
457 , 451
458 , 450
459 , 450
460 , 450
461 , 449
462 , 449
463 , 449
464 , 450
465 , 450
466 , 450
467 , 450
468 , 450
469 , 449
468 , 448
469 , 447
470 , 446
471 , 445
472 , 445
473 , 444
474 , 444
475 , 444
476 , 443
475 , 442
474 , 442
475 , 440
476 , 439
477 , 438
478 , 437
479 , 437
480 , 436
479 , 435
478 , 435
479 , 433
480 , 432
481 , 432
482 , 432
482 , 430
481 , 430
483 , 430
483 , 428
482 , 428
484 , 428
484 , 426
483 , 426
483 , 424
484 , 424
485 , 424
486 , 424
486 , 422
485 , 422
484 , 422
485 , 420
486 , 420
487 , 420
487 , 418
486 , 418
488 , 418
488 , 416
487 , 416
489 , 416
489 , 414
488 , 414
489 , 412
490 , 411
491 , 411
491 , 409
490 , 409
492 , 409
492 , 407
491 , 407
491 , 405
492 , 405
493 , 404
492 , 403
493 , 402
494 , 401
495 , 401
495 , 399
494 , 399
493 , 400
494 , 397
495 , 397
496 , 397
496 , 395
495 , 395
494 , 395
494 , 393
495 , 393
496 , 393
496 , 391
495 , 391
495 , 389
496 , 389
497 , 389
497 , 387
496 , 387
495 , 387
495 , 385
496 , 385
497 , 385
497 , 383
496 , 383
496 , 381
497 , 381
498 , 381
498 , 379
497 , 379
498 , 377
499 , 376
500 , 376
501 , 375
502 , 375
503 , 375
504 , 376
505 , 376
506 , 377
505 , 378
504 , 378
503 , 377
502 , 377
501 , 377
500 , 378
499 , 378
506 , 379
507 , 379
508 , 380
507 , 381
508 , 382
509 , 382
509 , 384
508 , 384
508 , 386
509 , 386
510 , 386
511 , 387
510 , 388
509 , 388
509 , 390
510 , 390
511 , 389
511 , 391
510 , 392
509 , 392
509 , 394
510 , 394
511 , 393
510 , 396
509 , 396
508 , 395
508 , 397
509 , 398
510 , 398
510 , 400
509 , 400
508 , 399
508 , 401
509 , 402
510 , 402
510 , 404
509 , 404
508 , 403
508 , 405
509 , 406
508 , 407
507 , 407
507 , 409
508 , 409
509 , 408
509 , 410
508 , 411
507 , 411
507 , 413
506 , 413
506 , 415
507 , 415
508 , 415
508 , 413
507 , 417
506 , 417
505 , 417
505 , 419
506 , 419
507 , 419
506 , 421
505 , 421
504 , 422
505 , 423
504 , 424
503 , 425
504 , 426
503 , 427
502 , 427
502 , 429
503 , 429
504 , 428
505 , 425
501 , 430
500 , 431
499 , 432
500 , 433
499 , 434
498 , 434
497 , 435
498 , 436
499 , 436
500 , 435
501 , 434
501 , 432
502 , 431
497 , 437
496 , 437
496 , 439
495 , 439
494 , 439
493 , 440
494 , 441
495 , 441
493 , 442
492 , 442
491 , 443
490 , 444
489 , 445
490 , 446
489 , 447
488 , 447
487 , 448
488 , 449
489 , 449
487 , 450
486 , 450
485 , 451
486 , 452
485 , 453
484 , 453
483 , 453
483 , 455
482 , 455
482 , 457
481 , 457
483 , 457
482 , 459
484 , 455
491 , 445
492 , 444
493 , 444
494 , 443
497 , 439
498 , 438
481 , 434
480 , 434
478 , 439
477 , 440
476 , 441
477 , 442
474 , 446
473 , 446
472 , 447
471 , 447
470 , 448
471 , 449
463 , 451
462 , 451
461 , 451
460 , 452
459 , 452
458 , 452
457 , 449
485 , 426
490 , 413
493 , 406
494 , 403
497 , 391
510 , 384
361 , 356
335 , 359
330 , 348
332 , 346
329 , 337
329 , 333
322 , 332
321 , 333
320 , 334
319 , 334
318 , 334
317 , 334
316 , 334
315 , 335
313 , 336
311 , 337
308 , 339
305 , 341
302 , 343
301 , 344
300 , 344
299 , 344
298 , 345
297 , 346
282 , 351
281 , 352
281 , 354
282 , 340
282 , 336
282 , 332
283 , 332
281 , 329
284 , 298
281 , 291
278 , 278
276 , 274
273 , 271
273 , 267
273 , 263
276 , 257
276 , 253
275 , 250
274 , 249
264 , 239
263 , 239
262 , 239
262 , 241
261 , 241
258 , 242
257 , 242
256 , 243
257 , 244
258 , 244
259 , 244
260 , 244
259 , 246
258 , 246
257 , 246
256 , 245
256 , 247
257 , 240
259 , 235
260 , 234
257 , 234
255 , 231
255 , 229
254 , 229
253 , 228
254 , 227
255 , 227
255 , 225
254 , 225
253 , 224
254 , 223
255 , 223
255 , 221
254 , 221
256 , 221
257 , 220
258 , 221
259 , 221
260 , 221
261 , 221
268 , 226
269 , 225
270 , 224
271 , 223
270 , 222
271 , 221
272 , 221
273 , 221
273 , 219
272 , 219
274 , 219
275 , 219
271 , 225
270 , 226
269 , 227
268 , 228
267 , 229
266 , 230
267 , 231
266 , 232
265 , 233
266 , 234
265 , 235
264 , 235
264 , 237
263 , 237
268 , 230
253 , 226
252 , 236
250 , 241
247 , 250
247 , 252
246 , 257
245 , 266
244 , 274
245 , 276
247 , 279
249 , 279
250 , 278
251 , 278
252 , 277
254 , 275
255 , 275
257 , 273
258 , 272
259 , 269
260 , 268
261 , 267
281 , 215
282 , 215
285 , 215
286 , 214
287 , 214
288 , 213
289 , 212
290 , 211
291 , 211
296 , 208
297 , 208
305 , 205
329 , 238
330 , 238
327 , 242
325 , 309
328 , 315
327 , 320
330 , 326
263 , 205
261 , 206
259 , 207