0 , 643
2 , 642
2 , 644
3 , 644
5 , 644
5 , 642
4 , 642
7 , 643
8 , 644
9 , 643
10 , 642
11 , 642
12 , 643
13 , 644
14 , 643
16 , 642
17 , 642
18 , 641
19 , 641
20 , 642
21 , 643
23 , 642
24 , 642
24 , 639
25 , 639
25 , 637
24 , 637
23 , 638
22 , 638
21 , 637
20 , 638
21 , 640
17 , 640
18 , 643
24 , 635
25 , 635
25 , 633
24 , 633
23 , 633
24 , 631
25 , 631
26 , 631
23 , 630
23 , 628
24 , 628
23 , 626
23 , 624
24 , 624
25 , 626
26 , 625
27 , 625
28 , 624
28 , 627
26 , 627
26 , 621
25 , 621
26 , 619
27 , 620
28 , 620
29 , 619
30 , 618
30 , 616
29 , 615
28 , 615
27 , 616
26 , 617
25 , 617
28 , 617
26 , 614
27 , 613
28 , 612
30 , 613
32 , 610
31 , 609
30 , 608
29 , 608
28 , 609
27 , 609
27 , 607
29 , 606
31 , 605
30 , 603
29 , 603
30 , 601
31 , 599
32 , 598
33 , 597
34 , 598
32 , 600
34 , 601
32 , 603
32 , 607
31 , 596
32 , 595
34 , 595
33 , 593
32 , 592
31 , 593
34 , 591
35 , 592
36 , 592
36 , 589
35 , 588
35 , 586
34 , 585
33 , 586
33 , 589
36 , 584
37 , 584
37 , 582
36 , 582
35 , 581
37 , 579
39 , 578
39 , 575
38 , 575
37 , 574
36 , 573
37 , 572
38 , 571
39 , 571
40 , 571
39 , 569
38 , 569
40 , 567
39 , 566
38 , 566
40 , 564
41 , 563
42 , 561
41 , 560
40 , 560
43 , 558
44 , 559
46 , 559
47 , 559
45 , 557
46 , 556
47 , 555
46 , 554
45 , 553
46 , 552
45 , 551
44 , 551
47 , 551
48 , 552
49 , 551
49 , 553
47 , 549
48 , 548
46 , 547
49 , 546
50 , 546
51 , 547
48 , 544
49 , 543
50 , 542
51 , 542
53 , 542
52 , 539
51 , 539
50 , 537
51 , 536
52 , 537
53 , 536
53 , 538
54 , 539
55 , 537
54 , 534
55 , 533
57 , 533
57 , 531
55 , 530
54 , 531
53 , 532
52 , 533
54 , 528
55 , 527
56 , 525
58 , 525
59 , 525
59 , 527
58 , 527
57 , 528
56 , 529
57 , 523
59 , 522
60 , 523
61 , 521
60 , 519
58 , 519
60 , 516
61 , 516
62 , 516
63 , 515
64 , 513
65 , 513
63 , 512
62 , 511
64 , 510
65 , 510
66 , 509
67 , 508
68 , 508
67 , 510
65 , 506
64 , 506
66 , 505
67 , 504
68 , 505
70 , 505
70 , 503
69 , 503
68 , 502
68 , 500
70 , 501
71 , 501
72 , 500
73 , 500
71 , 498
70 , 496
71 , 495
72 , 495
73 , 494
74 , 495
73 , 496
75 , 493
76 , 493
77 , 493
76 , 491
75 , 491
74 , 492
74 , 489
77 , 489
78 , 489
78 , 486
79 , 485
78 , 483
80 , 483
81 , 484
82 , 482
83 , 482
81 , 481
80 , 481
82 , 480
83 , 479
84 , 477
83 , 476
84 , 475
85 , 475
84 , 473
86 , 473
87 , 472
88 , 472
89 , 471
90 , 471
91 , 471
89 , 469
88 , 469
87 , 469
86 , 469
88 , 466
90 , 466
91 , 466
92 , 467
93 , 466
94 , 465
95 , 465
94 , 463
92 , 462
91 , 463
90 , 464
90 , 468
88 , 475
87 , 476
86 , 478
85 , 478
81 , 487
76 , 486
93 , 461
95 , 461
94 , 459
96 , 458
97 , 457
98 , 456
99 , 455
100 , 453
101 , 452
101 , 454
102 , 454
103 , 455
100 , 457
99 , 459
98 , 459
97 , 460
103 , 451
104 , 450
105 , 449
106 , 447
107 , 447
108 , 447
108 , 444
109 , 444
111 , 444
110 , 442
109 , 441
108 , 441
107 , 443
106 , 444
105 , 446
102 , 449
105 , 452
111 , 441
110 , 440
112 , 439
113 , 439
114 , 439
115 , 438
114 , 436
112 , 436
113 , 434
115 , 434
116 , 433
117 , 433
118 , 433
119 , 432
118 , 431
119 , 429
120 , 430
121 , 428
122 , 428
123 , 427
124 , 426
125 , 424
126 , 424
127 , 423
128 , 423
129 , 423
130 , 421
129 , 420
128 , 419
127 , 420
126 , 422
124 , 423
121 , 426
123 , 429
124 , 429
115 , 432
116 , 435
113 , 442
132 , 420
131 , 419
130 , 417
131 , 416
132 , 417
133 , 417
134 , 416
133 , 415
135 , 415
136 , 414
137 , 412
138 , 413
139 , 413
140 , 411
142 , 410
141 , 408
142 , 407
143 , 408
144 , 406
146 , 406
147 , 406
146 , 404
145 , 404
148 , 402
149 , 404
150 , 404
150 , 401
151 , 401
152 , 401
153 , 401
154 , 399
155 , 397
157 , 397
158 , 397
158 , 395
157 , 395
159 , 394
160 , 395
161 , 393
163 , 393
164 , 393
165 , 391
166 , 392
164 , 389
167 , 388
168 , 387
169 , 387
170 , 388
171 , 387
172 , 387
173 , 385
174 , 386
175 , 384
176 , 383
177 , 382
178 , 382
179 , 380
180 , 381
181 , 381
182 , 380
183 , 381
184 , 381
184 , 379
185 , 379
186 , 378
187 , 378
188 , 378
189 , 377
189 , 375
188 , 375
186 , 376
184 , 376
183 , 377
190 , 373
192 , 373
193 , 374
194 , 374
195 , 374
196 , 374
197 , 373
198 , 373
199 , 374
200 , 374
201 , 375
202 , 374
200 , 372
205 , 373
207 , 373
208 , 373
210 , 373
212 , 373
213 , 373
214 , 373
215 , 373
218 , 372
219 , 372
220 , 374
219 , 375
222 , 374
223 , 374
224 , 373
225 , 374
227 , 373
229 , 374
230 , 375
231 , 375
232 , 374
233 , 374
234 , 374
235 , 374
236 , 376
237 , 376
237 , 378
238 , 378
239 , 377
240 , 378
241 , 378
242 , 375
243 , 375
244 , 375
244 , 377
245 , 378
247 , 378
246 , 376
247 , 375
248 , 376
249 , 377
250 , 376
251 , 376
252 , 377
251 , 378
250 , 378
250 , 374
249 , 373
248 , 373
246 , 373
251 , 373
254 , 369
253 , 368
255 , 368
256 , 367
257 , 367
257 , 365
259 , 365
261 , 364
259 , 362
258 , 361
259 , 360
260 , 361
261 , 360
262 , 359
264 , 357
262 , 356
262 , 354
261 , 354
263 , 354
264 , 353
265 , 351
266 , 351
268 , 351
268 , 348
267 , 346
265 , 349
266 , 354
265 , 355
256 , 363
258 , 380
259 , 381
260 , 382
261 , 382
262 , 380
263 , 381
264 , 382
265 , 382
266 , 383
267 , 383
268 , 382
269 , 384
267 , 385
268 , 386
271 , 383
272 , 383
273 , 386
275 , 387
275 , 389
276 , 389
277 , 387
278 , 388
279 , 388
280 , 387
282 , 388
283 , 388
281 , 390
284 , 391
285 , 391
286 , 390
288 , 391
289 , 391
288 , 393
287 , 393
289 , 395
290 , 395
291 , 394
292 , 396
294 , 395
296 , 398
297 , 398
298 , 397
299 , 399
300 , 399
301 , 401
302 , 400
302 , 402
303 , 404
304 , 404
306 , 403
307 , 405
308 , 405
309 , 407
308 , 409
309 , 410
310 , 409
311 , 409
312 , 409
313 , 409
314 , 410
315 , 411
316 , 412
314 , 413
313 , 412
315 , 416
316 , 416
317 , 416
318 , 417
319 , 418
320 , 417
321 , 419
322 , 418
323 , 419
324 , 420
325 , 420
324 , 422
326 , 422
326 , 424
325 , 424
327 , 424
328 , 425
329 , 427
330 , 426
331 , 426
332 , 426
334 , 428
335 , 429
332 , 429
331 , 429
333 , 432
334 , 432
336 , 434
335 , 435
337 , 436
339 , 435
340 , 436
339 , 437
341 , 437
342 , 439
343 , 439
342 , 441
341 , 441
340 , 440
343 , 442
344 , 442
346 , 442
347 , 443
346 , 444
345 , 444
348 , 445
347 , 447
349 , 447
350 , 446
351 , 447
351 , 449
352 , 449
353 , 450
354 , 449
355 , 453
356 , 453
356 , 455
357 , 456
358 , 455
360 , 455
361 , 456
360 , 459
361 , 460
362 , 459
363 , 459
365 , 461
364 , 462
362 , 462
362 , 464
364 , 465
365 , 464
366 , 463
367 , 465
366 , 466
368 , 466
369 , 465
370 , 467
369 , 468
369 , 470
368 , 470
371 , 469
372 , 469
373 , 468
371 , 466
371 , 471
372 , 473
373 , 472
374 , 471
375 , 471
376 , 472
376 , 475
375 , 475
374 , 475
377 , 476
377 , 478
379 , 479
380 , 478
381 , 479
383 , 481
382 , 482
381 , 482
383 , 483
384 , 482
385 , 483
383 , 485
382 , 485
385 , 487
386 , 487
387 , 487
388 , 486
387 , 485
389 , 487
390 , 488
391 , 489
390 , 490
389 , 490
388 , 490
387 , 489
392 , 491
392 , 493
391 , 493
393 , 493
394 , 494
395 , 493
396 , 494
395 , 495
394 , 496
393 , 496
392 , 496
396 , 499
397 , 499
397 , 497
399 , 499
398 , 501
397 , 501
399 , 502
400 , 501
401 , 500
403 , 502
402 , 503
404 , 503
405 , 503
405 , 505
404 , 506
403 , 506
406 , 507
407 , 508
407 , 510
406 , 510
408 , 511
409 , 510
410 , 511
409 , 513
411 , 513
412 , 514
411 , 515
413 , 515
412 , 517
414 , 517
413 , 519
415 , 519
417 , 521
416 , 522
415 , 522
418 , 523
419 , 524
420 , 524
421 , 525
422 , 525
420 , 526
421 , 527
423 , 528
424 , 527
425 , 528
426 , 527
427 , 527
428 , 526
427 , 524
426 , 524
425 , 523
423 , 523
428 , 522
429 , 522
430 , 522
431 , 522
432 , 520
433 , 519
432 , 518
431 , 518
429 , 520
429 , 524
426 , 530
424 , 530
423 , 530
434 , 518
436 , 516
436 , 514
435 , 514
434 , 514
433 , 514
435 , 512
436 , 512
437 , 513
438 , 513
438 , 511
438 , 509
437 , 508
439 , 508
439 , 506
438 , 506
440 , 506
441 , 505
442 , 504
443 , 504
444 , 503
443 , 502
441 , 502
440 , 503
439 , 504
441 , 507
440 , 511
435 , 509
446 , 502
446 , 500
445 , 499
447 , 499
448 , 498
447 , 496
448 , 494
449 , 495
450 , 494
450 , 496
452 , 493
451 , 492
449 , 492
447 , 492
452 , 490
453 , 490
453 , 488
452 , 488
451 , 488
454 , 486
455 , 488
456 , 487
458 , 485
456 , 484
455 , 483
457 , 482
458 , 481
457 , 479
459 , 479
460 , 480
461 , 479
462 , 480
464 , 478
463 , 477
462 , 476
461 , 476
460 , 477
459 , 476
464 , 476
466 , 475
466 , 473
465 , 472
463 , 472
466 , 469
467 , 470
468 , 471
468 , 468
469 , 468
470 , 468
470 , 466
469 , 465
468 , 465
467 , 465
469 , 463
470 , 464
471 , 465
472 , 466
473 , 464
472 , 462
471 , 461
472 , 460
473 , 460
475 , 460
476 , 459
477 , 459
478 , 459
480 , 458
482 , 456
481 , 455
480 , 455
479 , 455
482 , 453
483 , 454
484 , 453
486 , 451
490 , 451
491 , 452
492 , 451
493 , 451
495 , 451
495 , 449
494 , 448
493 , 448
492 , 447
491 , 446
490 , 445
490 , 447
492 , 449
493 , 446
492 , 444
491 , 443
488 , 442
485 , 440
484 , 439
482 , 438
481 , 437
480 , 436
479 , 436
478 , 437
476 , 436
477 , 435
475 , 434
474 , 434
473 , 434
471 , 433
472 , 432
474 , 432
470 , 431
469 , 431
468 , 431
467 , 430
466 , 430
465 , 430
464 , 430
463 , 429
462 , 428
461 , 429
460 , 426
459 , 426
458 , 425
459 , 424
461 , 425
462 , 425
463 , 426
464 , 427
465 , 428
456 , 425
454 , 424
455 , 422
454 , 421
453 , 421
452 , 421
450 , 421
449 , 420
448 , 420
447 , 420
447 , 418
446 , 418
445 , 419
443 , 418
442 , 416
441 , 415
440 , 414
439 , 413
437 , 413
436 , 413
435 , 413
433 , 413
431 , 412
432 , 411
434 , 411
435 , 411
430 , 408
429 , 408
427 , 409
426 , 408
425 , 407
424 , 406
423 , 406
421 , 405
428 , 396
427 , 394
429 , 394
430 , 394
432 , 395
433 , 393
435 , 392
437 , 392
438 , 393
440 , 391
439 , 390
438 , 390
437 , 390
440 , 388
441 , 389
442 , 388
443 , 389
444 , 389
446 , 389
445 , 387
444 , 386
447 , 386
448 , 387
449 , 386
450 , 386
451 , 386
452 , 385
453 , 386
454 , 386
455 , 386
455 , 388
456 , 389
457 , 389
458 , 388
457 , 387
459 , 387
461 , 387
462 , 387
463 , 388
464 , 387
466 , 387
467 , 387
468 , 388
469 , 389
470 , 389
471 , 390
472 , 390
473 , 389
474 , 390
475 , 390
476 , 390
477 , 389
478 , 390
479 , 389
478 , 387
476 , 387
475 , 387
474 , 387
472 , 387
471 , 387
469 , 386
466 , 389
460 , 389
458 , 385
453 , 389
452 , 389
451 , 388
450 , 388
442 , 391
444 , 416
448 , 418
450 , 419
449 , 422
439 , 416
482 , 436
496 , 446
497 , 446
499 , 446
501 , 446
501 , 448
503 , 448
502 , 450
503 , 451
504 , 451
502 , 452
500 , 451
499 , 452
498 , 451
497 , 452
497 , 449
498 , 449
499 , 449
505 , 449
507 , 463
508 , 464
507 , 465
506 , 465
505 , 466
504 , 467
506 , 468
508 , 466
509 , 465
510 , 465
511 , 464
510 , 463
512 , 466
513 , 466
511 , 468
510 , 469
512 , 469
512 , 471
514 , 472
514 , 469
515 , 469
515 , 476
514 , 477
515 , 478
513 , 480
512 , 480
512 , 482
513 , 482
514 , 481
515 , 481
515 , 483
514 , 483
513 , 484
512 , 484
512 , 486
511 , 486
513 , 486
514 , 485
515 , 485
515 , 487
514 , 487
512 , 488
513 , 489
510 , 488
510 , 491
511 , 493
512 , 492
509 , 494
508 , 493
508 , 495
507 , 496
509 , 496
510 , 495
508 , 498
507 , 499
506 , 499
506 , 501
505 , 501
504 , 502
503 , 502
502 , 503
501 , 505
500 , 506
499 , 507
497 , 509
496 , 509
490 , 514
489 , 514
488 , 515
487 , 516
487 , 518
486 , 518
484 , 517
483 , 516
485 , 515
486 , 514
484 , 513
483 , 513
484 , 509
483 , 507
484 , 506
483 , 504
484 , 503
485 , 502
484 , 501
483 , 500
485 , 499
486 , 499
486 , 497
484 , 496
485 , 493
486 , 492
487 , 491
488 , 492
488 , 495
487 , 495
489 , 489
490 , 487
491 , 488
492 , 486
493 , 485
492 , 484
491 , 483
490 , 483
489 , 483
489 , 485
488 , 485
486 , 488
491 , 481
492 , 481
493 , 481
494 , 480
495 , 479
494 , 478
493 , 478
495 , 476
496 , 476
497 , 475
497 , 477
496 , 473
498 , 473
502 , 469
501 , 468
495 , 481
509 , 499
507 , 501
504 , 504
503 , 505
489 , 518
488 , 520
487 , 521
488 , 522
487 , 523
488 , 524
487 , 525
488 , 526
487 , 527
486 , 528
485 , 529
485 , 531
486 , 531
487 , 531
488 , 532
488 , 534
489 , 534
490 , 533
489 , 530
488 , 528
489 , 527
489 , 525
489 , 523
489 , 521
485 , 520
484 , 519
483 , 520
484 , 521
483 , 522
484 , 523
483 , 524
484 , 525
483 , 526
484 , 527
483 , 528
485 , 526
485 , 524
485 , 522
485 , 534
486 , 534
487 , 535
487 , 537
488 , 537
489 , 536
491 , 538
490 , 539
489 , 539
488 , 540
487 , 539
487 , 541
487 , 543
488 , 544
487 , 545
486 , 546
485 , 546
486 , 549
487 , 550
488 , 551
489 , 551
489 , 553
490 , 553
491 , 553
491 , 551
490 , 549
488 , 547
489 , 546
490 , 546
491 , 546
490 , 544
489 , 543
491 , 541
485 , 540
485 , 538
485 , 536
485 , 542
488 , 554
489 , 557
490 , 557
488 , 558
488 , 560
486 , 560
489 , 562
488 , 564
486 , 566
492 , 563
493 , 562
492 , 561
492 , 559
491 , 559
490 , 560
493 , 558
493 , 556
492 , 556
491 , 555
488 , 576
489 , 579
489 , 582
488 , 582
488 , 584
489 , 586
489 , 588
488 , 589
490 , 589
491 , 589
489 , 591
490 , 594
491 , 594
490 , 596
491 , 597
490 , 598
492 , 598
492 , 600
491 , 600
493 , 602
491 , 604
490 , 604
492 , 606
493 , 607
493 , 609
492 , 609
492 , 611
493 , 611
494 , 611
495 , 611
496 , 612
495 , 613
494 , 613
493 , 613
492 , 613
492 , 615
493 , 615
494 , 615
495 , 615
496 , 616
497 , 617
495 , 618
494 , 619
496 , 619
495 , 622
494 , 622
494 , 624
495 , 624
496 , 623
497 , 622
499 , 623
499 , 626
498 , 626
496 , 625
497 , 628
498 , 629
499 , 629
497 , 631
496 , 631
498 , 632
500 , 633
500 , 635
501 , 635
499 , 636
498 , 636
498 , 638
497 , 639
497 , 641
496 , 641
495 , 641
493 , 642
492 , 642
491 , 642
489 , 643
488 , 642
487 , 642
486 , 642
485 , 642
484 , 642
483 , 642
482 , 644
481 , 644
480 , 644
478 , 644
477 , 643
476 , 644
474 , 643
473 , 644
471 , 643
470 , 644
469 , 643
468 , 644
467 , 643
466 , 644
465 , 643
464 , 644
463 , 644
462 , 643
461 , 644
460 , 644
459 , 643
458 , 644
457 , 643
456 , 644
455 , 644
454 , 643
453 , 644
452 , 644
451 , 643
450 , 644
449 , 643
448 , 643
447 , 644
446 , 644
445 , 643
444 , 643
443 , 644
442 , 643
441 , 644
440 , 643
439 , 644
438 , 644
437 , 644
436 , 644
435 , 644
434 , 644
433 , 644
432 , 643
431 , 644
430 , 643
429 , 643
428 , 643
427 , 643
426 , 644
425 , 643
424 , 644
423 , 644
422 , 643
421 , 643
420 , 644
419 , 643
418 , 644
417 , 643
416 , 644
415 , 644
414 , 644
413 , 644
411 , 644
410 , 643
411 , 642
412 , 642
410 , 645
408 , 643
407 , 643
406 , 643
405 , 643
404 , 643
403 , 643
402 , 643
401 , 643
400 , 644
399 , 644
397 , 644
396 , 644
396 , 642
395 , 642
394 , 642
390 , 642
389 , 643
388 , 644
387 , 643
386 , 642
384 , 641
383 , 640
381 , 641
380 , 640
380 , 642
379 , 642
378 , 642
377 , 640
376 , 639
377 , 638
378 , 637
379 , 638
381 , 637
379 , 635
380 , 633
381 , 634
381 , 631
382 , 629
383 , 629
381 , 628
382 , 627
380 , 626
381 , 624
380 , 623
382 , 623
382 , 621
381 , 620
380 , 620
383 , 620
384 , 619
383 , 618
384 , 616
383 , 615
384 , 614
383 , 613
384 , 612
383 , 611
384 , 610
383 , 609
384 , 608
383 , 607
384 , 606
383 , 605
384 , 604
383 , 603
384 , 602
383 , 601
384 , 600
383 , 599
384 , 598
383 , 597
384 , 596
383 , 595
384 , 594
383 , 593
384 , 592
383 , 591
383 , 589
384 , 589
385 , 589
386 , 589
387 , 588
387 , 591
386 , 591
385 , 591
385 , 593
385 , 595
385 , 597
385 , 599
385 , 601
385 , 603
385 , 605
385 , 607
385 , 609
385 , 611
385 , 613
385 , 615
385 , 617
387 , 615
387 , 613
387 , 611
387 , 609
387 , 607
387 , 605
387 , 603
387 , 601
387 , 599
387 , 597
387 , 595
387 , 593
383 , 587
383 , 585
384 , 584
385 , 583
385 , 581
384 , 580
383 , 579
383 , 577
382 , 577
382 , 575
381 , 575
380 , 574
380 , 576
384 , 576
385 , 576
385 , 574
384 , 572
383 , 571
382 , 572
380 , 571
381 , 570
381 , 568
380 , 567
379 , 567
378 , 566
378 , 564
377 , 562
377 , 560
378 , 559
378 , 557
377 , 557
376 , 558
375 , 558
374 , 558
375 , 556
376 , 554
377 , 554
378 , 555
375 , 552
376 , 551
374 , 550
373 , 550
372 , 551
372 , 553
372 , 548
373 , 547
374 , 546
371 , 545
370 , 544
369 , 544
370 , 542
372 , 543
373 , 543
371 , 539
370 , 539
368 , 540
367 , 537
366 , 537
367 , 535
368 , 536
369 , 537
366 , 533
365 , 532
364 , 533
363 , 533
362 , 533
364 , 535
367 , 532
364 , 529
363 , 528
362 , 527
361 , 527
360 , 526
358 , 525
359 , 524
360 , 523
359 , 522
358 , 522
356 , 521
357 , 519
358 , 519
359 , 520
361 , 522
359 , 517
357 , 516
355 , 515
354 , 515
353 , 515
352 , 514
350 , 512
351 , 511
352 , 511
353 , 510
354 , 512
355 , 512
356 , 514
354 , 517
354 , 519
350 , 509
348 , 509
347 , 507
346 , 507
345 , 505
344 , 504
345 , 502
346 , 502
344 , 501
343 , 500
342 , 500
341 , 499
340 , 499
339 , 498
338 , 497
337 , 496
337 , 494
336 , 494
335 , 493
334 , 492
335 , 491
336 , 491
334 , 489
333 , 490
332 , 490
331 , 488
330 , 487
329 , 486
329 , 483
330 , 483
332 , 485
333 , 487
334 , 487
339 , 492
338 , 494
339 , 496
340 , 495
341 , 497
344 , 498
345 , 500
347 , 504
349 , 505
349 , 507
351 , 507
362 , 530
375 , 549
380 , 560
380 , 562
379 , 562
380 , 565
381 , 565
382 , 567
383 , 566
378 , 568
385 , 578
383 , 582
382 , 582
385 , 585
384 , 622
385 , 624
384 , 625
383 , 625
378 , 632
382 , 642
383 , 644
398 , 642
401 , 645
402 , 645
403 , 645
404 , 645
405 , 645
406 , 645
407 , 645
479 , 642
484 , 644
485 , 644
486 , 644
487 , 644
492 , 644
493 , 644
494 , 643
495 , 644
496 , 643
498 , 642
498 , 644
500 , 644
501 , 644
500 , 642
501 , 640
500 , 639
499 , 639
502 , 641
503 , 640
522 , 633
523 , 633
524 , 632
525 , 631
525 , 634
524 , 634
526 , 634
527 , 635
528 , 638
527 , 639
528 , 640
530 , 640
529 , 642
528 , 643
527 , 642
526 , 641
525 , 639
524 , 639
524 , 637
522 , 629
521 , 629
520 , 627
519 , 627
521 , 626
522 , 627
523 , 628
523 , 625
521 , 624
520 , 623
519 , 623
518 , 623
519 , 621
518 , 620
517 , 620
516 , 619
516 , 617
517 , 616
516 , 615
515 , 614
517 , 614
518 , 617
519 , 618
515 , 611
514 , 611
513 , 610
513 , 608
512 , 608
511 , 607
510 , 607
510 , 605
511 , 603
512 , 604
513 , 604
511 , 601
511 , 599
510 , 598
509 , 598
508 , 598
508 , 596
508 , 594
509 , 594
507 , 593
506 , 595
506 , 590
507 , 590
504 , 587
505 , 585
504 , 584
505 , 583
502 , 581
502 , 578
501 , 575
508 , 600
509 , 600
515 , 607
495 , 607
495 , 609
494 , 609
494 , 605
530 , 644
531 , 644
532 , 643
533 , 643
534 , 644
535 , 643
536 , 643
537 , 643
538 , 642
539 , 642
542 , 642
543 , 642
542 , 644
544 , 644
546 , 642
547 , 642
548 , 642
549 , 643
548 , 644
551 , 642
552 , 644
554 , 643
556 , 644
557 , 643
558 , 642
559 , 643
560 , 643
561 , 643
562 , 644
563 , 644
564 , 644
565 , 644
566 , 643
567 , 643
568 , 644
569 , 643
570 , 644
571 , 643
572 , 644
573 , 644
574 , 643
575 , 644
576 , 644
577 , 643
578 , 644
579 , 644
580 , 643
581 , 644
582 , 643
583 , 644
584 , 644
585 , 644
586 , 643
587 , 643
588 , 644
589 , 644
590 , 644
591 , 644
592 , 644
593 , 644
594 , 644
595 , 644
596 , 644
597 , 644
598 , 644
599 , 644
533 , 641
411 , 509
400 , 504
379 , 476
358 , 459
352 , 453
349 , 443
345 , 440
338 , 433
322 , 421
318 , 414
317 , 414
305 , 407
299 , 402
297 , 400
276 , 385
263 , 383
256 , 381
240 , 374
239 , 374
238 , 374
235 , 377
234 , 378
233 , 378
235 , 380
236 , 381
235 , 382
234 , 384
233 , 386
232 , 386
234 , 388
235 , 388
235 , 386
232 , 389
234 , 392
235 , 391
236 , 394
237 , 394
238 , 396
239 , 395
239 , 398
240 , 399
239 , 400
238 , 401
240 , 402
240 , 404
239 , 404
238 , 404
241 , 405
242 , 404
242 , 402
243 , 402
244 , 406
243 , 407
242 , 409
241 , 409
240 , 407
243 , 410
242 , 411
244 , 411
245 , 410
245 , 412
247 , 412
246 , 414
245 , 415
244 , 414
246 , 416
247 , 417
248 , 416
249 , 418
248 , 419
247 , 420
246 , 421
249 , 421
249 , 423
248 , 425
248 , 427
250 , 426
251 , 425
252 , 425
253 , 425
253 , 427
252 , 428
253 , 430
254 , 430
255 , 429
255 , 432
254 , 433
253 , 432
252 , 432
251 , 431
250 , 430
253 , 434
252 , 436
253 , 437
254 , 436
255 , 435
256 , 434
257 , 433
256 , 437
257 , 438
258 , 440
259 , 440
257 , 441
256 , 441
258 , 442
259 , 443
259 , 445
260 , 446
261 , 446
261 , 444
259 , 447
258 , 447
256 , 445
257 , 444
254 , 438
260 , 450
261 , 450
262 , 449
263 , 448
261 , 452
263 , 455
263 , 457
264 , 457
265 , 458
264 , 460
263 , 460
262 , 461
260 , 462
259 , 462
258 , 462
258 , 464
257 , 465
256 , 465
255 , 466
254 , 466
253 , 465
252 , 465
251 , 464
250 , 463
249 , 463
248 , 464
246 , 463
246 , 466
247 , 466
248 , 467
250 , 467
251 , 467
250 , 465
254 , 463
255 , 463
261 , 463
263 , 463
264 , 462
265 , 462
266 , 461
267 , 461
268 , 462
269 , 462
270 , 463
271 , 464
273 , 464
275 , 464
278 , 464
278 , 462
279 , 462
280 , 463
280 , 465
281 , 465
282 , 465
283 , 465
284 , 464
285 , 464
286 , 463
287 , 464
286 , 465
288 , 465
289 , 464
290 , 464
291 , 466
292 , 467
293 , 465
294 , 465
295 , 465
296 , 466
297 , 466
298 , 467
297 , 468
295 , 468
299 , 470
300 , 468
300 , 466
303 , 469
302 , 470
303 , 472
305 , 472
306 , 472
307 , 472
309 , 472
310 , 471
311 , 472
312 , 472
313 , 473
312 , 475
310 , 474
309 , 475
315 , 475
316 , 477
317 , 479
318 , 478
319 , 479
321 , 479
322 , 478
320 , 477
319 , 476
325 , 481
326 , 480
327 , 482
326 , 483
324 , 483
323 , 483
307 , 469
306 , 469
305 , 470
304 , 468
289 , 467
283 , 463
272 , 462
268 , 464
266 , 464
265 , 464
247 , 470
245 , 470
244 , 469
243 , 468
242 , 467
241 , 468
240 , 467
239 , 468
238 , 468
236 , 467
237 , 466
240 , 469
241 , 470
242 , 470
245 , 467
246 , 468
231 , 477
230 , 477
224 , 481
223 , 480
222 , 480
223 , 482
221 , 483
220 , 484
218 , 485
217 , 485
216 , 484
215 , 486
213 , 487
211 , 487
210 , 487
209 , 489
211 , 490
207 , 491
206 , 492
205 , 493
204 , 493
203 , 494
202 , 495
201 , 494
200 , 495
199 , 496
198 , 495
197 , 494
196 , 495
195 , 496
194 , 496
193 , 499
192 , 499
191 , 500
190 , 499
189 , 500
186 , 500
186 , 502
185 , 503
187 , 503
188 , 503
184 , 506
183 , 506
182 , 505
181 , 507
180 , 507
179 , 506
179 , 509
178 , 510
177 , 510
176 , 509
175 , 510
174 , 513
172 , 513
172 , 515
173 , 515
170 , 515
169 , 514
169 , 517
167 , 517
165 , 518
164 , 520
163 , 521
162 , 520
161 , 522
160 , 522
159 , 523
158 , 523
157 , 523
156 , 525
157 , 526
158 , 526
158 , 528
156 , 528
155 , 528
153 , 528
153 , 530
154 , 531
153 , 532
152 , 532
151 , 531
150 , 531
149 , 532
148 , 532
147 , 534
148 , 535
150 , 535
151 , 533
146 , 536
145 , 537
145 , 539
144 , 539
143 , 539
141 , 541
140 , 540
139 , 542
138 , 542
137 , 543
138 , 545
137 , 547
136 , 547
135 , 546
133 , 547
134 , 548
132 , 549
131 , 549
130 , 552
129 , 553
127 , 552
128 , 555
127 , 556
125 , 556
126 , 558
125 , 559
126 , 560
128 , 558
130 , 555
132 , 552
133 , 552
134 , 551
135 , 550
136 , 550
141 , 544
140 , 543
142 , 542
148 , 538
145 , 534
154 , 526
164 , 522
165 , 521
168 , 519
176 , 513
178 , 512
180 , 510
195 , 499
197 , 498
198 , 492
202 , 492
204 , 491
205 , 489
203 , 475
201 , 475
200 , 474
198 , 474
197 , 475
195 , 476
196 , 477
193 , 476
192 , 477
191 , 476
189 , 477
190 , 478
188 , 480
187 , 479
185 , 481
184 , 481
183 , 481
182 , 480
181 , 480
180 , 481
179 , 480
178 , 482
179 , 483
180 , 483
181 , 482
177 , 484
176 , 483
175 , 484
174 , 485
172 , 486
171 , 487
170 , 488
169 , 487
168 , 487
167 , 486
165 , 488
164 , 489
162 , 489
161 , 491
159 , 491
157 , 492
158 , 494
159 , 494
160 , 493
161 , 493
163 , 491
164 , 492
166 , 490
168 , 490
173 , 487
173 , 483
193 , 478
194 , 474
199 , 476
202 , 473
203 , 473
204 , 471
206 , 473
205 , 474
207 , 472
208 , 473
209 , 473
210 , 470
211 , 470
212 , 470
213 , 469
214 , 469
215 , 470
216 , 469
217 , 469
218 , 470
219 , 470
220 , 468
224 , 467
225 , 467
226 , 467
227 , 466
228 , 466
213 , 472
156 , 496
155 , 496
153 , 496
152 , 497
151 , 497
153 , 498
155 , 498
154 , 494
151 , 500
152 , 501
149 , 501
148 , 501
147 , 502
147 , 504
146 , 505
144 , 505
143 , 504
141 , 505
140 , 505
138 , 506
137 , 507
136 , 508
137 , 509
138 , 509
139 , 507
140 , 508
141 , 509
142 , 508
142 , 506
145 , 503
144 , 502
145 , 500
135 , 510
134 , 512
133 , 513
132 , 514
131 , 515
129 , 516
128 , 516
130 , 517
129 , 519
127 , 519
126 , 519
126 , 521
128 , 521
124 , 524
123 , 523
122 , 522
120 , 523
119 , 525
118 , 526
117 , 526
117 , 528
116 , 529
116 , 531
117 , 531
115 , 533
114 , 533
113 , 532
112 , 532
111 , 534
111 , 536
112 , 536
113 , 536
110 , 537
110 , 539
109 , 540
108 , 540
106 , 541
107 , 543
106 , 544
105 , 544
104 , 546
103 , 547
105 , 547
107 , 547
109 , 544
111 , 540
116 , 534
119 , 528
121 , 525
122 , 525
131 , 512
136 , 512
102 , 545
101 , 548
100 , 548
102 , 550
103 , 551
101 , 553
99 , 552
100 , 551
99 , 554
100 , 555
98 , 556
97 , 556
97 , 554
96 , 554
94 , 556
95 , 557
96 , 558
95 , 559
94 , 560
93 , 560
92 , 561
92 , 563
93 , 563
93 , 565
91 , 565
90 , 564
90 , 562
90 , 567
89 , 567
88 , 568
87 , 569
88 , 570
89 , 570
90 , 569
91 , 569
91 , 567
87 , 571
86 , 572
85 , 572
84 , 572
86 , 575
87 , 575
85 , 577
84 , 577
83 , 577
82 , 579
81 , 579
80 , 580
80 , 582
79 , 583
78 , 583
80 , 585
81 , 585
79 , 587
78 , 587
76 , 586
74 , 588
75 , 590
76 , 589
77 , 590
77 , 592
76 , 593
75 , 594
73 , 594
72 , 593
74 , 592
74 , 596
75 , 596
73 , 598
73 , 600
72 , 601
71 , 602
70 , 602
69 , 603
68 , 602
67 , 603
66 , 605
67 , 606
68 , 605
69 , 605
70 , 605
71 , 604
69 , 600
70 , 598
71 , 599
71 , 596
79 , 590
82 , 582
85 , 579
102 , 590
103 , 591
104 , 590
105 , 588
104 , 587
106 , 587
107 , 588
108 , 587
109 , 586
107 , 584
106 , 583
105 , 585
108 , 582
109 , 583
110 , 583
110 , 581
111 , 581
112 , 579
111 , 578
113 , 578
114 , 576
113 , 575
112 , 575
111 , 574
114 , 573
115 , 573
116 , 571
118 , 571
118 , 569
117 , 569
116 , 568
115 , 568
113 , 571
116 , 575
119 , 568
120 , 567
119 , 566
118 , 566
117 , 565
120 , 564
121 , 562
122 , 563
123 , 563
124 , 563
123 , 560
122 , 566
121 , 566
108 , 580
105 , 592
103 , 594
102 , 594
102 , 596
101 , 596
99 , 596
98 , 595
100 , 593
101 , 592
103 , 597
99 , 599
98 , 598
97 , 600
98 , 602
99 , 602
100 , 601
101 , 601
99 , 604
97 , 604
96 , 603
95 , 604
94 , 606
95 , 607
96 , 607
97 , 606
96 , 610
95 , 610
94 , 609
92 , 608
92 , 610
93 , 611
94 , 612
95 , 612
95 , 614
93 , 613
92 , 614
91 , 615
90 , 616
89 , 617
88 , 618
89 , 620
90 , 620
91 , 621
91 , 623
90 , 624
89 , 623
88 , 622
87 , 623
86 , 623
87 , 626
88 , 626
87 , 629
86 , 629
85 , 628
85 , 630
84 , 631
86 , 631
88 , 630
89 , 629
86 , 634
85 , 635
84 , 635
83 , 638
84 , 639
85 , 639
82 , 640
81 , 639
78 , 640
77 , 641
79 , 642
80 , 642
81 , 644
82 , 644
83 , 643
84 , 642
87 , 636
77 , 644
76 , 644
75 , 644
74 , 643
72 , 644
71 , 644
68 , 644
67 , 644
65 , 644
63 , 643
62 , 642
60 , 644
58 , 644
57 , 643
55 , 643
54 , 643
53 , 642
53 , 640
52 , 640
54 , 639
55 , 640
56 , 640
57 , 640
58 , 640
59 , 640
59 , 642
57 , 637
56 , 636
55 , 637
55 , 634
56 , 634
57 , 633
56 , 632
55 , 631
54 , 631
57 , 630
59 , 628
58 , 627
57 , 626
56 , 627
60 , 626
61 , 625
60 , 624
60 , 622
59 , 622
58 , 621
61 , 620
62 , 621
63 , 618
64 , 618
62 , 617
61 , 617
60 , 618
63 , 615
64 , 615
65 , 614
66 , 614
67 , 613
65 , 611
64 , 612
62 , 613
64 , 609
65 , 608
67 , 608
68 , 608
68 , 610
67 , 610
66 , 610
61 , 627
50 , 642
91 , 618
93 , 618
93 , 616
90 , 613
96 , 561
97 , 559
99 , 557
93 , 558
48 , 541
44 , 555
43 , 555
42 , 556
43 , 562
45 , 562
44 , 564
43 , 565
41 , 566
42 , 567
41 , 569
43 , 569
36 , 576
38 , 582
62 , 518
63 , 518
60 , 514
134 , 418
137 , 410
168 , 389
170 , 390
170 , 385
191 , 375
202 , 362
203 , 361
203 , 359
202 , 359
201 , 359
200 , 359
201 , 357
200 , 356
202 , 355
203 , 355
204 , 355
204 , 357
205 , 358
204 , 359
206 , 360
207 , 358
206 , 357
207 , 356
206 , 355
206 , 353
205 , 352
204 , 352
205 , 350
206 , 351
207 , 350
206 , 348
209 , 351
210 , 351
211 , 350
211 , 352
210 , 354
211 , 355
209 , 356
208 , 355
208 , 352
209 , 358
209 , 375
211 , 375
236 , 399
241 , 398
251 , 420
222 , 341
224 , 338
225 , 337
211 , 332
210 , 332
208 , 336
209 , 337
207 , 340
217 , 321
216 , 320
216 , 318
217 , 318
218 , 317
217 , 316
216 , 316
214 , 316
213 , 316
208 , 315
206 , 315
205 , 315
204 , 314
203 , 313
202 , 313
202 , 311
201 , 311
199 , 311
198 , 310
198 , 308
197 , 308
196 , 308
195 , 308
195 , 310
193 , 307
192 , 307
191 , 307
189 , 306
188 , 306
190 , 305
189 , 303
188 , 302
187 , 301
186 , 303
185 , 299
184 , 299
183 , 300
183 , 297
182 , 296
181 , 297
180 , 296
179 , 295
178 , 294
177 , 292
178 , 291
180 , 291
182 , 293
181 , 294
184 , 296
185 , 297
186 , 297
194 , 306
200 , 309
205 , 311
206 , 313
219 , 316
220 , 316
221 , 317
222 , 317
223 , 317
223 , 319
222 , 319
221 , 319
220 , 318
219 , 318
218 , 319
219 , 320
220 , 321
221 , 321
224 , 319
225 , 318
226 , 318
227 , 318
228 , 318
229 , 317
230 , 317
231 , 317
232 , 317
234 , 319
235 , 319
236 , 320
235 , 321
234 , 322
233 , 322
233 , 320
232 , 320
231 , 320
230 , 321
236 , 323
237 , 322
237 , 319
237 , 317
235 , 316
236 , 315
237 , 314
234 , 314
241 , 300
244 , 300
245 , 301
247 , 301
248 , 303
249 , 303
250 , 302
251 , 301
252 , 301
253 , 302
252 , 303
253 , 304
252 , 305
251 , 305
250 , 305
247 , 304
249 , 300
250 , 299
252 , 297
253 , 299
254 , 299
256 , 299
255 , 301
254 , 303
256 , 303
257 , 302
259 , 303
262 , 317
264 , 319
263 , 320
262 , 321
261 , 320
260 , 320
260 , 323
258 , 323
257 , 325
256 , 326
255 , 326
254 , 327
253 , 327
252 , 327
250 , 327
249 , 327
248 , 328
249 , 329
250 , 330
251 , 331
248 , 331
247 , 331
246 , 331
254 , 330
255 , 328
257 , 328
258 , 327
259 , 326
260 , 326
261 , 325
262 , 325
263 , 324
263 , 328
264 , 328
263 , 330
262 , 331
263 , 332
264 , 332
265 , 332
266 , 333
268 , 333
268 , 335
267 , 335
270 , 334
270 , 332
271 , 331
272 , 331
272 , 333
274 , 333
275 , 333
277 , 333
278 , 333
279 , 335
280 , 335
281 , 335
282 , 334
283 , 334
284 , 335
285 , 336
286 , 335
288 , 336
289 , 336
291 , 336
292 , 336
293 , 338
292 , 339
290 , 338
287 , 338
293 , 341
294 , 341
295 , 340
296 , 341
297 , 340
298 , 340
299 , 339
300 , 340
300 , 342
301 , 342
302 , 342
303 , 341
304 , 343
305 , 342
306 , 342
307 , 343
307 , 345
308 , 345
309 , 344
310 , 345
311 , 346
312 , 345
313 , 344
315 , 346
315 , 348
314 , 348
313 , 347
316 , 348
317 , 348
318 , 346
317 , 345
319 , 347
320 , 347
321 , 347
322 , 347
323 , 348
323 , 350
324 , 350
325 , 351
326 , 352
327 , 351
328 , 350
329 , 351
328 , 352
329 , 354
328 , 355
327 , 355
330 , 355
332 , 355
333 , 354
334 , 354
335 , 354
334 , 356
336 , 357
337 , 358
336 , 359
339 , 359
340 , 360
342 , 359
343 , 358
345 , 358
346 , 359
347 , 359
348 , 360
349 , 360
350 , 359
350 , 362
352 , 362
353 , 362
354 , 364
355 , 364
356 , 365
357 , 364
358 , 363
357 , 362
359 , 364
358 , 366
357 , 367
356 , 367
355 , 367
353 , 366
352 , 365
351 , 364
350 , 365
348 , 364
347 , 363
344 , 361
343 , 361
341 , 357
339 , 357
338 , 356
337 , 355
339 , 354
340 , 355
344 , 356
331 , 353
331 , 351
326 , 349
325 , 348
321 , 349
320 , 350
319 , 349
319 , 352
322 , 351
323 , 352
309 , 347
305 , 345
305 , 340
309 , 342
296 , 338
295 , 338
294 , 337
273 , 335
268 , 330
267 , 329
266 , 329
265 , 330
261 , 328
260 , 328
258 , 330
257 , 330
273 , 313
273 , 311
274 , 311
275 , 310
277 , 308
278 , 308
280 , 306
279 , 305
281 , 305
282 , 304
283 , 305
285 , 304
284 , 302
283 , 302
285 , 301
286 , 300
287 , 299
288 , 301
287 , 302
286 , 302
290 , 301
290 , 299
289 , 298
291 , 298
292 , 298
292 , 296
293 , 296
294 , 296
293 , 294
295 , 294
296 , 293
294 , 292
298 , 292
300 , 290
299 , 288
300 , 287
301 , 287
302 , 286
304 , 286
304 , 284
303 , 284
301 , 284
299 , 285
297 , 289
302 , 289
303 , 281
303 , 279
304 , 278
305 , 277
306 , 277
307 , 278
308 , 277
307 , 280
305 , 279
305 , 281
306 , 282
304 , 275
303 , 274
306 , 274
300 , 267
300 , 265
299 , 264
297 , 265
296 , 266
298 , 266
295 , 264
296 , 263
297 , 262
295 , 261
294 , 260
293 , 259
292 , 259
291 , 260
290 , 259
289 , 260
288 , 260
289 , 262
290 , 263
291 , 262
293 , 261
294 , 262
296 , 260
300 , 262
309 , 259
310 , 257
311 , 257
312 , 256
313 , 256
314 , 256
316 , 258
315 , 259
314 , 259
313 , 260
312 , 260
310 , 261
314 , 263
316 , 261
318 , 259
309 , 256
293 , 239
294 , 238
293 , 237
292 , 236
291 , 235
290 , 234
289 , 233
289 , 231
288 , 231
287 , 231
287 , 229
288 , 228
289 , 228
289 , 226
290 , 226
288 , 225
287 , 225
287 , 223
288 , 223
289 , 224
290 , 223
291 , 222
292 , 223
291 , 224
293 , 226
293 , 228
292 , 228
291 , 229
290 , 230
291 , 232
292 , 231
293 , 232
294 , 233
292 , 234
293 , 235
290 , 237
289 , 238
290 , 239
291 , 238
289 , 235
288 , 235
287 , 235
287 , 238
289 , 241
294 , 228
287 , 227
287 , 221
288 , 220
290 , 220
291 , 220
292 , 219
291 , 218
292 , 217
290 , 216
290 , 214
291 , 214
292 , 214
292 , 212
291 , 211
292 , 210
293 , 211
294 , 211
294 , 209
292 , 208
293 , 207
292 , 206
291 , 205
292 , 204
291 , 203
292 , 202
291 , 201
289 , 202
289 , 205
289 , 207
290 , 207
290 , 209
289 , 209
289 , 211
289 , 213
289 , 218
287 , 218
294 , 206
293 , 205
294 , 203
295 , 202
294 , 201
293 , 199
292 , 199
292 , 197
291 , 197
294 , 196
295 , 195
296 , 195
297 , 194
298 , 193
299 , 193
300 , 193
298 , 191
297 , 190
296 , 190
295 , 192
293 , 193
296 , 197
294 , 198
295 , 199
296 , 200
297 , 199
298 , 198
298 , 200
296 , 204
295 , 204
298 , 195
298 , 187
297 , 186
304 , 178
307 , 175
308 , 175
309 , 173
310 , 173
315 , 172
317 , 171
319 , 170
320 , 170
321 , 170
322 , 170
323 , 170
327 , 170
330 , 170
332 , 171
333 , 172
336 , 172
338 , 172
334 , 183
327 , 183
326 , 182
325 , 182
351 , 178
360 , 183
360 , 200
362 , 205
363 , 206
363 , 208
364 , 209
365 , 209
366 , 208
365 , 207
367 , 207
368 , 208
367 , 210
369 , 210
366 , 212
363 , 210
382 , 205
383 , 203
384 , 203
385 , 203
386 , 202
387 , 204
388 , 205
389 , 206
388 , 207
391 , 207
385 , 206
384 , 207
383 , 200
382 , 200
381 , 200
380 , 199
380 , 197
379 , 197
378 , 195
378 , 193
379 , 192
380 , 192
381 , 191
381 , 193
382 , 193
383 , 193
382 , 196
381 , 196
382 , 198
383 , 197
384 , 199
385 , 199
376 , 193
382 , 188
383 , 187
383 , 185
384 , 184
385 , 184
385 , 181
384 , 181
383 , 180
384 , 179
385 , 178
386 , 176
387 , 175
388 , 175
389 , 175
389 , 173
390 , 171
391 , 171
392 , 172
393 , 170
394 , 171
395 , 170
396 , 169
395 , 167
394 , 167
396 , 166
397 , 166
398 , 167
399 , 167
398 , 164
399 , 163
400 , 163
401 , 163
402 , 162
403 , 162
401 , 160
403 , 159
404 , 159
405 , 158
407 , 158
406 , 156
404 , 156
404 , 154
406 , 153
407 , 154
408 , 153
410 , 153
411 , 152
410 , 151
409 , 150
408 , 150
410 , 149
411 , 149
412 , 149
413 , 147
412 , 146
410 , 147
413 , 144
414 , 145
415 , 145
416 , 145
416 , 143
415 , 141
416 , 140
417 , 139
418 , 139
419 , 139
420 , 139
420 , 137
419 , 136
418 , 136
417 , 134
419 , 133
420 , 134
421 , 135
422 , 135
423 , 132
422 , 131
420 , 130
419 , 131
421 , 129
422 , 127
423 , 128
424 , 126
425 , 125
426 , 125
426 , 123
425 , 122
424 , 123
423 , 124
426 , 120
425 , 119
427 , 119
428 , 119
429 , 118
430 , 118
429 , 116
428 , 116
426 , 117
425 , 115
426 , 114
427 , 114
428 , 112
427 , 111
429 , 111
430 , 113
430 , 115
427 , 121
428 , 122
424 , 130
415 , 137
413 , 141
418 , 141
409 , 155
408 , 156
402 , 157
391 , 175
389 , 177
387 , 179
382 , 182
415 , 181
416 , 182
415 , 183
416 , 184
415 , 185
416 , 186
415 , 187
416 , 188
415 , 189
416 , 190
415 , 191
416 , 192
415 , 193
418 , 193
418 , 191
419 , 191
420 , 190
419 , 189
418 , 189
418 , 187
419 , 187
420 , 186
419 , 185
418 , 185
418 , 183
417 , 183
418 , 181
419 , 181
420 , 181
420 , 178
419 , 177
418 , 177
417 , 177
417 , 179
419 , 175
419 , 173
421 , 173
422 , 174
422 , 176
421 , 176
422 , 178
423 , 172
423 , 170
422 , 170
421 , 169
423 , 168
424 , 168
424 , 170
426 , 166
425 , 165
424 , 165
426 , 163
427 , 164
429 , 162
430 , 162
431 , 161
430 , 159
429 , 159
428 , 161
432 , 159
434 , 159
433 , 157
431 , 157
435 , 154
436 , 154
438 , 154
439 , 155
440 , 154
440 , 152
439 , 151
441 , 151
442 , 153
443 , 153
444 , 152
445 , 151
446 , 150
447 , 149
448 , 148
450 , 148
450 , 150
451 , 150
452 , 148
453 , 147
454 , 146
455 , 146
456 , 145
456 , 147
455 , 149
454 , 150
458 , 146
459 , 144
458 , 143
457 , 143
456 , 142
455 , 141
456 , 140
455 , 139
456 , 138
455 , 137
456 , 136
455 , 135
456 , 134
455 , 133
456 , 132
455 , 131
456 , 130
455 , 129
456 , 128
455 , 127
456 , 126
455 , 125
456 , 124
455 , 123
456 , 122
455 , 121
456 , 120
455 , 119
457 , 118
458 , 119
459 , 120
458 , 121
457 , 121
457 , 123
458 , 123
459 , 122
460 , 121
460 , 123
459 , 124
458 , 125
457 , 125
457 , 127
458 , 127
459 , 126
460 , 125
460 , 127
459 , 128
458 , 129
457 , 129
457 , 131
458 , 131
459 , 130
460 , 129
460 , 131
459 , 132
458 , 133
457 , 133
457 , 135
458 , 135
459 , 134
460 , 133
460 , 135
459 , 136
458 , 137
457 , 137
457 , 139
458 , 139
459 , 138
460 , 137
460 , 139
459 , 140
458 , 141
457 , 141
459 , 142
460 , 141
460 , 143
460 , 145
455 , 143
448 , 152
447 , 152
446 , 152
436 , 157
420 , 184
420 , 188
418 , 195
419 , 200
420 , 201
420 , 203
419 , 204
418 , 203
417 , 202
416 , 202
416 , 204
415 , 204
417 , 207
418 , 207
419 , 208
420 , 209
420 , 211
421 , 212
422 , 212
423 , 213
424 , 213
425 , 214
423 , 215
422 , 214
420 , 214
419 , 213
419 , 215
421 , 216
421 , 218
422 , 218
423 , 218
424 , 217
425 , 223
426 , 224
425 , 226
423 , 225
427 , 227
426 , 229
425 , 230
427 , 231
428 , 229
430 , 230
430 , 232
432 , 234
430 , 235
429 , 235
429 , 238
431 , 238
432 , 238
433 , 237
434 , 238
433 , 240
432 , 241
431 , 241
430 , 240
428 , 242
426 , 242
425 , 243
427 , 244
429 , 244
430 , 244
431 , 244
432 , 244
433 , 243
434 , 242
434 , 244
435 , 244
434 , 246
431 , 246
428 , 246
427 , 240
435 , 240
436 , 240
436 , 242
418 , 244
417 , 244
416 , 244
415 , 244
414 , 245
412 , 244
411 , 244
409 , 243
408 , 243
407 , 244
406 , 244
405 , 242
404 , 242
403 , 242
401 , 242
400 , 244
402 , 244
398 , 243
397 , 242
397 , 244
395 , 243
394 , 243
392 , 242
391 , 241
390 , 241
390 , 243
389 , 243
386 , 243
386 , 240
387 , 239
388 , 238
387 , 237
388 , 235
389 , 236
390 , 237
391 , 238
392 , 239
393 , 240
394 , 240
395 , 241
392 , 244
389 , 239
386 , 234
387 , 233
387 , 231
387 , 229
387 , 227
387 , 225
386 , 223
387 , 222
388 , 221
388 , 219
389 , 219
390 , 218
391 , 219
388 , 223
389 , 224
389 , 226
389 , 228
389 , 230
389 , 233
386 , 220
413 , 242
414 , 242
428 , 225
422 , 207
421 , 206
420 , 205
422 , 204
456 , 201
457 , 200
459 , 201
461 , 201
470 , 200
471 , 199
472 , 199
473 , 199
474 , 199
475 , 199
476 , 199
477 , 200
478 , 200
479 , 199
480 , 200
482 , 198
483 , 200
484 , 197
485 , 197
487 , 198
488 , 198
489 , 198
490 , 198
491 , 198
492 , 197
493 , 198
494 , 197
495 , 197
496 , 198
499 , 198
501 , 198
501 , 196
502 , 196
503 , 196
504 , 197
507 , 196
513 , 196
515 , 196
522 , 194
523 , 194
524 , 194
525 , 192
526 , 192
527 , 192
528 , 191
529 , 193
527 , 195
524 , 191
526 , 189
527 , 188
528 , 187
529 , 186
530 , 186
531 , 186
529 , 184
528 , 183
530 , 182
531 , 183
532 , 180
532 , 178
533 , 178
534 , 177
536 , 177
535 , 175
537 , 175
538 , 175
539 , 175
539 , 173
540 , 173
541 , 173
540 , 171
538 , 172
536 , 173
531 , 177
530 , 177
530 , 179
529 , 180
543 , 172
544 , 171
544 , 173
545 , 173
547 , 173
547 , 171
546 , 171
554 , 177
555 , 178
556 , 179
558 , 179
558 , 181
557 , 181
555 , 183
554 , 182
554 , 180
554 , 184
554 , 186
554 , 188
554 , 190
554 , 192
556 , 192
556 , 190
556 , 188
556 , 186
556 , 184
558 , 184
559 , 184
559 , 186
558 , 186
558 , 188
559 , 188
559 , 190
558 , 190
558 , 192
559 , 192
558 , 194
558 , 196
559 , 196
560 , 196
560 , 198
561 , 198
561 , 200
560 , 201
559 , 201
559 , 199
557 , 198
556 , 197
555 , 197
553 , 197
554 , 195
555 , 194
554 , 199
555 , 201
554 , 202
555 , 203
556 , 202
557 , 203
558 , 203
560 , 203
561 , 202
561 , 204
560 , 205
559 , 205
558 , 207
559 , 208
558 , 209
559 , 210
558 , 211
559 , 212
560 , 212
561 , 213
562 , 213
563 , 212
561 , 210
560 , 209
560 , 207
561 , 206
556 , 205
557 , 200
558 , 213
559 , 214
558 , 215
559 , 216
558 , 217
559 , 218
558 , 219
559 , 220
560 , 220
558 , 221
559 , 222
558 , 223
561 , 222
562 , 223
563 , 222
564 , 221
565 , 222
566 , 222
563 , 219
564 , 218
564 , 216
563 , 215
562 , 216
561 , 216
560 , 215
561 , 218
571 , 228
572 , 230
573 , 229
575 , 231
576 , 232
575 , 234
576 , 235
577 , 235
578 , 234
579 , 238
580 , 238
581 , 239
583 , 240
584 , 241
583 , 243
581 , 242
585 , 245
586 , 245
586 , 247
587 , 248
588 , 246
588 , 244
587 , 243
589 , 249
588 , 250
588 , 252
589 , 252
590 , 251
590 , 253
590 , 255
588 , 256
587 , 256
586 , 256
585 , 256
585 , 258
585 , 260
583 , 259
582 , 260
582 , 262
581 , 263
580 , 264
579 , 262
577 , 264
576 , 265
575 , 266
573 , 267
572 , 267
570 , 266
569 , 267
568 , 268
566 , 268
565 , 269
564 , 268
563 , 267
561 , 267
560 , 267
559 , 267
559 , 269
557 , 268
556 , 268
554 , 269
555 , 270
553 , 272
551 , 272
549 , 272
548 , 273
547 , 273
546 , 273
546 , 275
546 , 277
545 , 277
547 , 279
546 , 280
548 , 281
549 , 281
550 , 282
549 , 283
547 , 283
546 , 284
548 , 286
548 , 288
549 , 288
550 , 287
551 , 287
550 , 285
551 , 284
553 , 288
552 , 289
551 , 290
550 , 290
549 , 291
548 , 291
548 , 293
547 , 294
546 , 293
545 , 295
544 , 296
543 , 296
542 , 297
541 , 298
540 , 298
539 , 299
538 , 299
537 , 299
538 , 303
539 , 303
540 , 304
541 , 302
542 , 303
543 , 302
544 , 301
543 , 300
541 , 300
545 , 299
545 , 303
544 , 304
545 , 306
543 , 307
542 , 307
544 , 308
545 , 309
546 , 311
545 , 312
544 , 314
546 , 315
545 , 317
546 , 318
544 , 319
543 , 320
542 , 319
542 , 321
541 , 321
539 , 322
538 , 322
537 , 323
536 , 324
535 , 323
534 , 322
532 , 323
531 , 325
530 , 325
530 , 327
530 , 329
531 , 329
529 , 330
528 , 330
526 , 330
528 , 328
529 , 332
527 , 333
526 , 335
526 , 337
527 , 337
528 , 338
527 , 339
526 , 340
527 , 341
528 , 343
529 , 344
530 , 344
531 , 343
530 , 341
529 , 340
529 , 335
528 , 335
532 , 327
533 , 327
540 , 323
545 , 321
549 , 315
548 , 314
547 , 313
549 , 313
549 , 311
548 , 311
547 , 310
550 , 292
549 , 278
548 , 278
549 , 276
549 , 270
550 , 270
551 , 269
562 , 269
567 , 265
568 , 265
571 , 265
570 , 269
578 , 266
579 , 266
583 , 263
584 , 262
587 , 259
588 , 260
589 , 257
587 , 254
573 , 232
555 , 235
554 , 236
552 , 236
551 , 237
550 , 237
549 , 237
549 , 239
548 , 239
547 , 240
546 , 239
545 , 239
544 , 238
543 , 237
542 , 238
541 , 238
540 , 238
540 , 236
541 , 236
539 , 235
538 , 235
539 , 233
539 , 231
538 , 231
536 , 231
536 , 233
535 , 229
534 , 228
536 , 228
537 , 227
537 , 229
535 , 226
536 , 225
537 , 224
535 , 222
534 , 221
533 , 220
532 , 220
531 , 219
530 , 218
530 , 216
531 , 216
533 , 216
534 , 216
535 , 216
533 , 218
535 , 219
533 , 222
532 , 223
532 , 225
533 , 226
534 , 224
532 , 214
533 , 213
533 , 211
531 , 212
530 , 212
530 , 209
531 , 209
532 , 209
533 , 208
531 , 207
529 , 208
528 , 208
527 , 209
526 , 207
525 , 207
524 , 207
523 , 207
520 , 207
519 , 207
518 , 207
514 , 207
512 , 207
511 , 208
510 , 209
509 , 209
508 , 209
507 , 209
506 , 208
505 , 208
504 , 209
503 , 209
502 , 208
501 , 209
500 , 208
499 , 209
498 , 208
497 , 208
496 , 209
492 , 210
486 , 210
485 , 210
484 , 210
482 , 210
481 , 210
479 , 210
473 , 210
468 , 211
465 , 212
464 , 212
463 , 212
462 , 212
460 , 211
459 , 212
512 , 209
528 , 205
542 , 240
552 , 239
553 , 238
554 , 238
561 , 183
560 , 182
561 , 181
562 , 178
562 , 176
562 , 174
564 , 172
563 , 170
561 , 170
562 , 168
562 , 166
561 , 165
560 , 164
561 , 162
560 , 161
558 , 160
558 , 158
559 , 156
560 , 157
561 , 156
562 , 157
562 , 160
563 , 161
563 , 163
564 , 163
563 , 165
564 , 168
560 , 177
559 , 177
557 , 155
556 , 154
558 , 153
559 , 153
561 , 154
559 , 150
557 , 151
556 , 150
554 , 150
555 , 148
556 , 148
554 , 147
552 , 146
553 , 145
554 , 144
555 , 144
556 , 145
553 , 143
551 , 144
550 , 142
551 , 141
552 , 141
550 , 140
549 , 140
548 , 140
548 , 138
549 , 137
550 , 137
551 , 138
547 , 136
546 , 137
546 , 134
547 , 133
546 , 132
545 , 132
544 , 132
543 , 131
542 , 130
543 , 128
542 , 127
541 , 127
540 , 127
539 , 127
538 , 126
540 , 125
540 , 123
541 , 123
539 , 122
538 , 122
536 , 121
537 , 120
538 , 119
539 , 120
538 , 117
536 , 118
535 , 117
534 , 117
536 , 115
533 , 114
532 , 113
534 , 112
533 , 109
532 , 109
531 , 109
530 , 109
528 , 107
529 , 106
530 , 106
531 , 106
532 , 107
531 , 103
530 , 103
529 , 104
528 , 105
528 , 101
527 , 100
526 , 100
526 , 97
525 , 97
524 , 95
526 , 95
527 , 94
527 , 96
529 , 99
526 , 92
525 , 92
524 , 92
524 , 90
525 , 88
524 , 87
525 , 86
526 , 85
527 , 85
526 , 87
526 , 89
527 , 90
526 , 82
527 , 81
528 , 80
527 , 79
526 , 77
527 , 76
526 , 74
527 , 73
526 , 71
527 , 70
525 , 69
524 , 69
525 , 66
524 , 65
523 , 64
522 , 64
521 , 61
519 , 58
517 , 55
516 , 55
515 , 51
514 , 51
513 , 50
511 , 49
510 , 50
508 , 48
507 , 45
506 , 45
503 , 43
502 , 44
500 , 42
499 , 40
497 , 39
496 , 40
495 , 39
494 , 40
493 , 39
492 , 39
492 , 36
489 , 36
488 , 35
487 , 34
485 , 34
484 , 33
483 , 33
482 , 33
481 , 34
480 , 33
479 , 32
478 , 33
477 , 31
476 , 31
475 , 30
474 , 30
472 , 30
471 , 29
472 , 28
473 , 28
470 , 27
468 , 27
467 , 26
466 , 25
464 , 26
463 , 25
462 , 25
461 , 25
460 , 25
461 , 27
465 , 27
467 , 29
457 , 25
456 , 25
455 , 25
454 , 24
452 , 23
452 , 21
450 , 21
449 , 21
447 , 23
446 , 22
445 , 22
444 , 23
443 , 23
442 , 22
441 , 22
439 , 20
438 , 20
437 , 21
436 , 20
435 , 20
433 , 19
432 , 20
431 , 20
430 , 19
429 , 18
428 , 17
429 , 16
430 , 17
431 , 18
428 , 20
427 , 20
426 , 18
425 , 17
426 , 16
423 , 17
422 , 16
420 , 16
420 , 18
419 , 18
417 , 18
416 , 17
415 , 17
413 , 16
410 , 15
409 , 15
408 , 15
407 , 14
406 , 14
405 , 14
404 , 14
403 , 14
402 , 14
401 , 13
400 , 14
399 , 13
398 , 14
397 , 14
396 , 13
395 , 13
394 , 13
393 , 13
392 , 13
390 , 13
388 , 13
387 , 12
386 , 12
385 , 12
383 , 13
382 , 13
380 , 13
379 , 13
378 , 13
377 , 13
376 , 15
375 , 15
373 , 15
372 , 13
371 , 13
369 , 13
368 , 13
367 , 13
366 , 13
365 , 13
364 , 15
363 , 15
362 , 15
361 , 13
360 , 13
358 , 13
356 , 13
355 , 15
354 , 15
352 , 15
351 , 13
350 , 13
349 , 15
348 , 15
347 , 15
346 , 15
345 , 15
344 , 13
343 , 13
342 , 15
341 , 15
340 , 15
338 , 15
337 , 15
336 , 15
335 , 15
334 , 15
332 , 15
331 , 15
330 , 15
329 , 13
328 , 13
327 , 14
326 , 13
324 , 13
323 , 14
322 , 14
321 , 13
319 , 14
318 , 14
317 , 13
316 , 13
315 , 13
314 , 13
313 , 14
312 , 14
311 , 14
309 , 13
308 , 13
309 , 15
307 , 16
306 , 17
305 , 16
303 , 16
302 , 15
300 , 16
298 , 16
297 , 16
295 , 16
294 , 16
294 , 18
296 , 18
299 , 18
301 , 18
302 , 18
308 , 17
310 , 17
314 , 17
315 , 16
316 , 16
317 , 17
320 , 15
325 , 15
325 , 11
333 , 13
339 , 13
353 , 13
357 , 15
359 , 15
370 , 15
374 , 13
381 , 15
384 , 15
385 , 15
387 , 14
389 , 15
391 , 15
396 , 17
399 , 17
400 , 17
401 , 16
402 , 17
403 , 17
404 , 17
405 , 17
406 , 17
407 , 17
408 , 17
418 , 15
421 , 18
424 , 20
441 , 19
443 , 20
445 , 19
446 , 20
449 , 24
450 , 24
455 , 22
458 , 23
480 , 31
481 , 31
486 , 36
487 , 37
480 , 51
479 , 51
478 , 52
477 , 51
476 , 52
475 , 52
474 , 52
473 , 51
472 , 52
471 , 51
470 , 52
469 , 52
468 , 51
466 , 51
464 , 52
463 , 51
461 , 51
460 , 51
459 , 52
458 , 52
457 , 51
456 , 52
455 , 51
453 , 53
452 , 53
451 , 53
449 , 55
448 , 54
444 , 55
443 , 54
442 , 55
440 , 57
439 , 56
438 , 56
437 , 56
436 , 56
435 , 56
434 , 57
433 , 57
432 , 57
433 , 55
434 , 54
429 , 57
428 , 58
426 , 58
425 , 58
424 , 57
423 , 57
422 , 58
426 , 56
416 , 58
415 , 58
414 , 59
412 , 59
411 , 59
410 , 59
409 , 60
408 , 61
407 , 61
405 , 62
404 , 62
402 , 63
401 , 62
400 , 63
399 , 64
398 , 63
397 , 62
398 , 61
395 , 62
394 , 62
393 , 62
392 , 62
393 , 64
394 , 64
395 , 64
396 , 64
391 , 66
390 , 66
389 , 66
388 , 65
387 , 64
386 , 64
383 , 65
382 , 65
381 , 66
380 , 66
378 , 65
377 , 67
375 , 69
373 , 69
372 , 68
371 , 68
370 , 69
374 , 67
365 , 71
363 , 74
362 , 74
360 , 75
359 , 75
357 , 76
356 , 77
355 , 76
354 , 75
352 , 76
351 , 76
350 , 76
349 , 74
348 , 74
347 , 74
346 , 74
345 , 74
344 , 73
343 , 74
342 , 74
342 , 76
341 , 76
341 , 78
340 , 78
343 , 78
345 , 78
346 , 78
347 , 78
348 , 78
349 , 78
353 , 78
354 , 78
358 , 77
359 , 78
361 , 76
363 , 77
368 , 79
369 , 79
370 , 80
371 , 80
372 , 79
373 , 80
374 , 79
375 , 80
376 , 80
377 , 80
379 , 81
380 , 81
382 , 82
383 , 81
384 , 81
387 , 82
388 , 81
388 , 84
386 , 84
392 , 84
394 , 84
395 , 85
396 , 85
397 , 84
397 , 82
393 , 82
398 , 86
399 , 86
401 , 85
402 , 86
403 , 85
404 , 85
406 , 87
407 , 88
405 , 89
404 , 88
403 , 88
409 , 87
412 , 88
411 , 90
413 , 90
414 , 90
413 , 92
412 , 92
414 , 94
415 , 93
416 , 93
417 , 94
418 , 94
419 , 95
420 , 95
419 , 97
421 , 99
422 , 98
423 , 99
424 , 98
425 , 99
426 , 101
425 , 102
425 , 104
426 , 105
427 , 105
428 , 105
427 , 103
428 , 102
423 , 103
425 , 107
426 , 108
427 , 108
428 , 108
429 , 108
430 , 108
422 , 96
416 , 95
416 , 74
415 , 74
417 , 73
418 , 73
419 , 72
418 , 71
417 , 70
416 , 71
415 , 71
414 , 70
413 , 71
419 , 70
420 , 70
421 , 71
422 , 71
423 , 70
425 , 72
426 , 72
424 , 73
423 , 73
423 , 75
426 , 75
427 , 70
420 , 73
416 , 60
390 , 64
385 , 67
361 , 71
360 , 72
359 , 72
358 , 72
356 , 74
353 , 73
351 , 73
350 , 73
344 , 76
339 , 74
338 , 75
337 , 77
336 , 77
335 , 78
334 , 77
332 , 76
331 , 77
329 , 77
328 , 76
327 , 76
326 , 76
324 , 78
323 , 77
322 , 77
322 , 75
323 , 75
320 , 76
319 , 76
318 , 75
317 , 75
315 , 76
316 , 77
317 , 78
318 , 78
314 , 78
313 , 77
311 , 77
311 , 75
312 , 74
313 , 74
309 , 76
308 , 75
308 , 77
305 , 78
303 , 77
302 , 78
301 , 77
300 , 77
299 , 78
298 , 78
297 , 77
296 , 76
295 , 76
294 , 75
295 , 74
292 , 74
291 , 77
290 , 77
289 , 77
288 , 77
287 , 78
286 , 77
285 , 75
284 , 75
283 , 76
282 , 75
282 , 77
281 , 78
279 , 77
280 , 76
286 , 74
292 , 78
293 , 78
294 , 78
295 , 78
298 , 75
303 , 74
304 , 73
305 , 73
307 , 73
304 , 76
329 , 75
333 , 75
293 , 20
291 , 20
290 , 19
289 , 19
288 , 19
287 , 19
286 , 19
284 , 19
283 , 19
283 , 21
282 , 21
281 , 21
280 , 20
279 , 21
277 , 20
276 , 20
274 , 20
273 , 20
271 , 21
272 , 23
270 , 24
269 , 23
268 , 24
265 , 24
264 , 23
263 , 23
262 , 22
261 , 24
262 , 25
260 , 26
259 , 26
258 , 25
256 , 26
255 , 25
253 , 26
252 , 26
251 , 26
250 , 25
250 , 28
249 , 29
248 , 28
246 , 28
244 , 29
243 , 30
242 , 31
241 , 31
240 , 31
239 , 30
238 , 31
237 , 32
236 , 31
234 , 31
235 , 33
233 , 34
232 , 33
231 , 33
230 , 34
229 , 35
229 , 37
228 , 37
226 , 38
225 , 38
225 , 40
222 , 40
221 , 39
220 , 39
219 , 41
218 , 42
217 , 41
216 , 41
215 , 41
215 , 43
214 , 44
212 , 45
211 , 45
210 , 46
208 , 45
209 , 44
207 , 47
206 , 47
205 , 49
203 , 50
202 , 50
201 , 51
200 , 51
198 , 53
197 , 54
196 , 54
197 , 51
200 , 54
203 , 52
204 , 51
208 , 48
213 , 46
213 , 42
217 , 43
219 , 43
217 , 39
226 , 35
231 , 36
232 , 37
233 , 36
234 , 35
238 , 34
239 , 33
243 , 32
246 , 31
247 , 31
248 , 30
254 , 27
265 , 21
268 , 21
275 , 22
276 , 22
278 , 19
280 , 18
288 , 17
289 , 16
291 , 16
292 , 17
291 , 18
197 , 57
195 , 58
194 , 57
193 , 57
192 , 56
191 , 57
190 , 58
191 , 59
189 , 60
188 , 58
186 , 61
187 , 62
188 , 62
190 , 62
187 , 64
186 , 64
185 , 65
184 , 64
182 , 64
183 , 66
182 , 68
181 , 68
180 , 68
180 , 70
179 , 70
178 , 72
177 , 72
176 , 71
175 , 72
173 , 73
174 , 75
175 , 75
176 , 74
178 , 74
180 , 72
182 , 70
176 , 77
174 , 79
173 , 78
172 , 78
171 , 79
170 , 79
169 , 81
168 , 82
167 , 81
169 , 83
170 , 83
172 , 83
171 , 81
167 , 84
168 , 85
166 , 86
165 , 85
163 , 87
163 , 89
164 , 90
163 , 91
161 , 91
162 , 93
162 , 95
161 , 95
160 , 94
160 , 96
159 , 97
158 , 97
157 , 99
156 , 100
155 , 100
157 , 102
158 , 102
158 , 100
160 , 98
161 , 97
162 , 97
163 , 95
164 , 93
165 , 92
166 , 92
165 , 89
166 , 88
168 , 88
171 , 76
172 , 76
193 , 60
156 , 103
155 , 104
154 , 104
154 , 106
153 , 107
152 , 106
150 , 108
151 , 109
152 , 110
154 , 109
149 , 110
147 , 110
147 , 112
148 , 112
149 , 113
150 , 113
149 , 115
147 , 115
146 , 115
145 , 115
147 , 118
146 , 119
145 , 119
144 , 119
143 , 119
145 , 121
144 , 122
143 , 122
141 , 122
142 , 124
142 , 126
143 , 126
144 , 124
145 , 124
146 , 124
147 , 120
148 , 119
148 , 117
144 , 128
143 , 129
142 , 129
141 , 128
140 , 129
139 , 129
139 , 127
140 , 131
141 , 132
142 , 131
139 , 133
139 , 135
140 , 135
138 , 136
137 , 135
139 , 137
137 , 138
138 , 140
139 , 141
140 , 141
138 , 142
137 , 142
136 , 141
135 , 141
135 , 144
135 , 146
136 , 146
137 , 146
137 , 144
138 , 148
136 , 150
135 , 149
133 , 150
134 , 151
135 , 152
136 , 153
138 , 153
138 , 151
137 , 151
137 , 155
135 , 155
134 , 157
133 , 157
135 , 159
136 , 159
136 , 157
134 , 160
133 , 160
132 , 160
131 , 160
131 , 162
132 , 162
133 , 162
134 , 162
135 , 161
136 , 161
136 , 163
135 , 163
134 , 164
133 , 164
132 , 164
131 , 164
131 , 166
132 , 166
133 , 166
134 , 166
135 , 165
136 , 165
136 , 167
135 , 167
134 , 168
133 , 168
132 , 168
131 , 168
131 , 170
132 , 170
133 , 170
134 , 170
135 , 169
136 , 169
136 , 171
135 , 171
134 , 172
133 , 172
132 , 172
131 , 172
131 , 174
132 , 174
133 , 174
134 , 174
135 , 173
136 , 173
136 , 175
135 , 175
134 , 176
133 , 176
132 , 176
131 , 176
131 , 178
132 , 178
133 , 178
134 , 178
135 , 177
136 , 177
136 , 179
135 , 179
134 , 180
133 , 180
132 , 180
131 , 180
131 , 182
132 , 182
133 , 182
134 , 182
135 , 181
136 , 181
136 , 183
135 , 183
134 , 185
133 , 186
135 , 186
136 , 187
138 , 187
137 , 189
137 , 191
136 , 191
135 , 191
134 , 190
134 , 188
134 , 193
133 , 193
135 , 193
136 , 193
137 , 193
137 , 195
136 , 195
135 , 196
134 , 196
133 , 197
134 , 198
135 , 199
136 , 199
137 , 199
137 , 197
136 , 197
135 , 201
135 , 203
136 , 203
137 , 204
135 , 205
135 , 207
136 , 207
137 , 208
139 , 208
140 , 208
139 , 210
138 , 211
137 , 212
138 , 213
138 , 215
139 , 217
140 , 216
141 , 215
142 , 215
140 , 214
140 , 212
141 , 211
142 , 212
141 , 217
141 , 219
140 , 220
139 , 220
139 , 222
140 , 222
141 , 223
142 , 223
143 , 224
144 , 224
146 , 226
144 , 227
143 , 227
142 , 227
141 , 226
145 , 228
146 , 229
145 , 230
144 , 231
143 , 231
145 , 233
146 , 234
147 , 234
148 , 234
148 , 232
147 , 231
147 , 236
146 , 236
145 , 237
146 , 238
147 , 238
148 , 236
149 , 237
150 , 236
150 , 238
149 , 240
148 , 240
147 , 241
147 , 243
149 , 243
150 , 241
151 , 240
152 , 240
152 , 244
151 , 244
150 , 245
149 , 247
151 , 247
152 , 249
153 , 248
154 , 247
153 , 245
154 , 250
152 , 251
151 , 252
153 , 253
154 , 253
155 , 253
156 , 252
158 , 254
157 , 255
156 , 257
155 , 257
153 , 256
157 , 258
158 , 258
159 , 260
160 , 261
158 , 262
156 , 261
155 , 261
159 , 264
160 , 264
161 , 263
162 , 264
162 , 266
161 , 266
160 , 267
161 , 270
162 , 270
164 , 270
164 , 268
163 , 272
164 , 273
165 , 274
167 , 274
168 , 274
166 , 276
167 , 277
168 , 277
168 , 279
167 , 279
165 , 278
163 , 275
169 , 280
170 , 279
171 , 280
172 , 282
171 , 283
170 , 283
169 , 282
172 , 286
171 , 287
173 , 288
174 , 289
175 , 287
177 , 288
176 , 290
175 , 291
174 , 284
181 , 269
181 , 267
182 , 267
183 , 268
184 , 268
185 , 269
186 , 270
187 , 269
188 , 268
189 , 268
189 , 270
188 , 272
187 , 273
186 , 272
183 , 270
184 , 266
185 , 265
184 , 264
183 , 264
181 , 264
180 , 265
179 , 264
178 , 264
177 , 265
186 , 267
191 , 268
192 , 269
192 , 271
191 , 271
190 , 273
191 , 275
192 , 274
193 , 273
193 , 275
194 , 275
195 , 275
196 , 275
197 , 275
198 , 274
199 , 273
199 , 275
200 , 275
201 , 276
203 , 278
201 , 279
200 , 279
199 , 279
198 , 277
195 , 277
192 , 276
195 , 272
202 , 280
203 , 282
204 , 281
205 , 279
206 , 278
207 , 277
208 , 280
209 , 281
210 , 282
211 , 282
212 , 282
211 , 284
210 , 285
211 , 286
212 , 286
213 , 284
214 , 284
215 , 285
215 , 287
214 , 287
216 , 288
217 , 287
218 , 288
219 , 287
220 , 288
221 , 288
222 , 290
223 , 289
224 , 290
225 , 290
226 , 291
227 , 289
225 , 288
224 , 287
223 , 287
220 , 285
217 , 284
216 , 283
209 , 283
208 , 283
207 , 282
206 , 282
207 , 284
208 , 286
218 , 290
220 , 291
221 , 292
222 , 293
223 , 293
226 , 294
227 , 293
228 , 294
229 , 292
230 , 293
231 , 291
233 , 295
232 , 296
230 , 296
235 , 294
236 , 296
237 , 297
236 , 298
254 , 286
255 , 287
257 , 285
258 , 284
258 , 282
259 , 282
260 , 283
261 , 283
257 , 281
256 , 283
255 , 283
254 , 284
259 , 279
270 , 282
271 , 281
272 , 280
272 , 283
273 , 283
274 , 283
275 , 282
276 , 282
277 , 282
278 , 282
278 , 284
279 , 285
280 , 284
277 , 286
276 , 287
275 , 285
274 , 285
271 , 285
276 , 280
269 , 273
268 , 268
267 , 266
268 , 265
266 , 264
265 , 265
266 , 262
265 , 261
264 , 261
263 , 261
265 , 258
266 , 259
267 , 257
268 , 258
270 , 257
271 , 258
270 , 259
271 , 260
272 , 259
273 , 260
274 , 259
269 , 261
268 , 262
267 , 261
269 , 263
268 , 255
266 , 255
264 , 256
263 , 255
281 , 307
282 , 308
359 , 367
360 , 368
361 , 368
362 , 368
363 , 368
364 , 368
365 , 367
367 , 366
368 , 368
367 , 369
366 , 370
365 , 371
363 , 370
362 , 371
359 , 370
358 , 370
361 , 365
368 , 370
369 , 370
370 , 369
370 , 372
369 , 372
367 , 373
366 , 373
368 , 374
370 , 375
371 , 374
372 , 372
373 , 372
374 , 372
375 , 372
374 , 375
373 , 375
375 , 377
376 , 376
377 , 375
378 , 374
378 , 376
379 , 377
378 , 378
377 , 378
380 , 379
380 , 381
381 , 381
382 , 381
383 , 379
384 , 379
385 , 379
386 , 380
387 , 378
388 , 379
389 , 381
391 , 380
392 , 380
393 , 379
394 , 380
395 , 381
385 , 383
382 , 378
381 , 376
383 , 376
385 , 377
380 , 374
480 , 387
481 , 388
482 , 388
483 , 388
483 , 390
484 , 390
485 , 390
486 , 389
487 , 390
488 , 390
489 , 390
490 , 390
491 , 389
492 , 389
493 , 390
494 , 390
495 , 390
496 , 389
497 , 390
498 , 390
499 , 389
500 , 390
501 , 389
502 , 390
503 , 389
504 , 388
506 , 388
507 , 387
506 , 386
505 , 386
502 , 387
500 , 387
498 , 387
497 , 387
495 , 387
494 , 387
493 , 387
490 , 387
489 , 387
488 , 387
487 , 387
486 , 387
509 , 387
509 , 389
511 , 388
511 , 386
512 , 386
513 , 386
513 , 388
514 , 389
515 , 389
516 , 387
517 , 387
516 , 385
515 , 385
518 , 384
519 , 385
520 , 384
520 , 386
521 , 387
522 , 386
523 , 385
522 , 384
524 , 383
525 , 384
526 , 383
525 , 381
526 , 380
527 , 380
528 , 380
529 , 381
531 , 379
530 , 378
529 , 378
528 , 377
531 , 377
532 , 377
533 , 378
533 , 375
531 , 375
530 , 374
531 , 372
532 , 371
533 , 371
534 , 369
533 , 368
532 , 367
533 , 366
532 , 365
533 , 364
532 , 363
533 , 362
532 , 361
533 , 360
533 , 358
532 , 358
535 , 358
535 , 355
534 , 355
533 , 355
531 , 354
532 , 353
530 , 352
531 , 351
530 , 350
531 , 349
530 , 348
528 , 346
533 , 349
533 , 351
535 , 361
535 , 363
535 , 365
535 , 367
535 , 370
535 , 373
534 , 373
475 , 457
474 , 458
476 , 461
474 , 462
543 , 134
542 , 133
545 , 130
544 , 129
542 , 125
548 , 134
529 , 81
529 , 78
509 , 86
508 , 86
508 , 84
507 , 84
506 , 84
504 , 85
503 , 84
502 , 85
500 , 84
499 , 84
498 , 85
498 , 87
499 , 87
501 , 87
502 , 88
503 , 87
504 , 88
505 , 89
506 , 88
500 , 89
496 , 84
497 , 82
495 , 81
494 , 82
493 , 80
492 , 79
491 , 80
490 , 80
489 , 80
488 , 80
487 , 78
489 , 78
490 , 77
488 , 76
486 , 76
485 , 77
483 , 76
482 , 76
481 , 77
480 , 75
481 , 74
482 , 73
483 , 73
484 , 75
485 , 74
479 , 73
477 , 72
476 , 72
474 , 72
473 , 71
471 , 72
470 , 71
469 , 72
468 , 71
467 , 70
465 , 71
464 , 70
462 , 71
461 , 71
460 , 70
459 , 70
458 , 71
457 , 70
456 , 70
455 , 70
454 , 70
452 , 69
450 , 69
447 , 69
446 , 68
444 , 70
443 , 69
441 , 69
436 , 81
435 , 81
437 , 82
438 , 83
439 , 84
440 , 86
441 , 86
442 , 86
443 , 87
445 , 87
446 , 88
444 , 89
443 , 90
445 , 91
446 , 91
447 , 92
448 , 93
450 , 93
451 , 94
449 , 95
450 , 96
451 , 97
452 , 97
453 , 99
454 , 100
453 , 101
451 , 101
451 , 103
452 , 103
453 , 104
454 , 103
455 , 102
456 , 103
455 , 104
455 , 106
456 , 106
457 , 107
458 , 107
458 , 109
457 , 110
456 , 110
455 , 109
453 , 109
454 , 107
453 , 106
455 , 111
454 , 112
453 , 113
454 , 114
455 , 115
456 , 116
457 , 116
458 , 115
457 , 113
456 , 113
458 , 112
460 , 118
450 , 99
449 , 98
447 , 95
449 , 91
448 , 90
442 , 84
459 , 72
463 , 72
466 , 72
467 , 74
470 , 74
477 , 75
478 , 75
478 , 55
477 , 54
476 , 55
475 , 55
474 , 55
473 , 54
472 , 55
471 , 54
467 , 53
466 , 54
465 , 53
463 , 53
462 , 54
461 , 55
459 , 54
458 , 54
456 , 55
455 , 55
454 , 54
453 , 55
479 , 54
480 , 55
481 , 53
482 , 53
483 , 53
485 , 54
486 , 54
487 , 55
489 , 55
490 , 54
488 , 53
492 , 55
491 , 57
494 , 57
496 , 57
498 , 57
495 , 55
505 , 61
512 , 52