0 , 636
1 , 636
2 , 636
3 , 636
6 , 632
5 , 631
7 , 631
6 , 629
5 , 628
7 , 628
6 , 626
7 , 625
8 , 625
6 , 623
7 , 622
8 , 622
9 , 622
10 , 620
9 , 619
8 , 619
10 , 617
11 , 617
12 , 615
11 , 614
13 , 614
12 , 612
13 , 611
14 , 612
15 , 611
16 , 610
17 , 609
18 , 609
19 , 609
19 , 606
20 , 606
21 , 606
22 , 606
23 , 604
22 , 603
24 , 603
25 , 603
26 , 603
27 , 604
28 , 602
29 , 602
30 , 602
32 , 600
33 , 601
34 , 601
35 , 600
36 , 601
37 , 600
38 , 601
39 , 599
40 , 599
41 , 599
42 , 600
43 , 601
44 , 600
45 , 601
46 , 599
47 , 599
49 , 600
50 , 602
51 , 602
52 , 603
54 , 603
55 , 603
56 , 604
57 , 602
58 , 603
59 , 605
60 , 604
61 , 603
62 , 605
63 , 604
64 , 604
65 , 605
66 , 606
67 , 607
68 , 606
69 , 607
70 , 606
71 , 608
72 , 607
73 , 606
74 , 607
75 , 609
76 , 609
77 , 608
78 , 608
79 , 609
80 , 607
81 , 608
82 , 609
83 , 607
84 , 608
85 , 609
86 , 607
87 , 608
88 , 609
89 , 608
90 , 607
91 , 607
92 , 606
93 , 605
94 , 604
95 , 604
96 , 604
96 , 601
97 , 601
98 , 601
98 , 598
97 , 598
99 , 598
100 , 597
99 , 595
98 , 595
100 , 594
101 , 593
99 , 592
100 , 591
101 , 590
100 , 588
99 , 587
101 , 587
102 , 587
100 , 585
101 , 584
102 , 584
103 , 583
102 , 581
101 , 581
100 , 582
100 , 579
101 , 578
102 , 578
100 , 576
101 , 575
102 , 575
100 , 573
99 , 572
101 , 572
100 , 570
99 , 569
101 , 569
100 , 567
99 , 566
98 , 567
98 , 564
97 , 563
99 , 563
98 , 561
97 , 560
96 , 560
95 , 559
94 , 557
95 , 556
96 , 557
93 , 555
94 , 554
92 , 553
93 , 552
91 , 551
92 , 550
90 , 549
91 , 548
89 , 547
90 , 546
91 , 545
89 , 544
90 , 543
88 , 542
89 , 541
90 , 540
88 , 539
89 , 538
90 , 537
88 , 536
89 , 535
90 , 534
88 , 533
89 , 532
90 , 531
91 , 531
92 , 530
91 , 528
92 , 527
93 , 528
94 , 527
95 , 526
93 , 525
94 , 524
95 , 523
96 , 523
97 , 523
98 , 522
97 , 520
99 , 520
100 , 521
102 , 519
103 , 519
101 , 518
100 , 518
103 , 516
104 , 516
105 , 517
106 , 515
107 , 514
108 , 513
109 , 513
110 , 512
109 , 510
110 , 509
111 , 508
112 , 507
110 , 506
111 , 505
112 , 504
113 , 503
111 , 502
112 , 501
113 , 500
111 , 499
112 , 498
113 , 497
114 , 496
112 , 495
113 , 494
114 , 493
112 , 492
113 , 491
114 , 490
112 , 489
113 , 488
114 , 487
112 , 486
113 , 485
114 , 484
112 , 483
113 , 482
114 , 481
112 , 480
113 , 479
114 , 478
112 , 477
113 , 476
114 , 475
112 , 474
113 , 473
114 , 472
112 , 471
113 , 470
114 , 469
112 , 468
113 , 467
114 , 466
112 , 465
113 , 464
112 , 462
111 , 461
113 , 461
112 , 459
111 , 458
113 , 458
112 , 456
111 , 455
113 , 455
112 , 453
111 , 452
113 , 452
112 , 450
111 , 449
113 , 449
112 , 447
111 , 446
113 , 446
112 , 444
111 , 443
113 , 443
112 , 441
111 , 440
113 , 440
112 , 438
111 , 437
113 , 437
112 , 435
111 , 434
113 , 434
112 , 432
111 , 431
113 , 431
114 , 430
112 , 429
113 , 428
114 , 427
112 , 426
113 , 425
114 , 424
112 , 423
113 , 422
114 , 421
113 , 419
114 , 418
115 , 417
113 , 416
114 , 415
115 , 414
113 , 413
114 , 412
115 , 411
116 , 412
116 , 409
115 , 408
114 , 409
114 , 406
115 , 405
116 , 406
117 , 404
116 , 403
115 , 402
116 , 400
117 , 401
118 , 399
117 , 398
116 , 397
117 , 395
118 , 396
119 , 394
118 , 393
117 , 392
118 , 390
119 , 391
120 , 389
119 , 388
118 , 387
119 , 385
120 , 386
121 , 385
120 , 383
119 , 382
121 , 382
120 , 380
121 , 379
122 , 380
122 , 377
121 , 376
120 , 377
123 , 376
122 , 374
121 , 373
123 , 373
122 , 371
123 , 370
124 , 370
124 , 367
123 , 367
125 , 366
127 , 366
128 , 365
126 , 364
125 , 363
124 , 364
127 , 363
126 , 361
125 , 360
127 , 360
126 , 358
125 , 357
127 , 357
128 , 356
126 , 355
125 , 354
127 , 354
128 , 353
129 , 353
129 , 350
130 , 348
131 , 347
130 , 345
131 , 344
132 , 343
131 , 341
132 , 340
133 , 341
134 , 339
133 , 338
134 , 336
133 , 335
135 , 335
134 , 333
135 , 332
136 , 332
137 , 331
136 , 329
135 , 329
137 , 328
138 , 329
138 , 326
137 , 325
136 , 326
139 , 325
138 , 323
139 , 322
140 , 323
141 , 321
140 , 320
139 , 319
140 , 317
141 , 318
142 , 317
141 , 315
142 , 314
143 , 315
144 , 313
143 , 312
145 , 312
144 , 310
145 , 309
146 , 309
147 , 307
146 , 306
145 , 306
147 , 304
148 , 303
149 , 301
150 , 301
151 , 300
150 , 298
149 , 298
148 , 300
151 , 297
152 , 296
153 , 295
152 , 293
153 , 292
154 , 292
155 , 290
154 , 289
156 , 289
157 , 288
158 , 287
156 , 286
157 , 285
158 , 284
159 , 284
160 , 283
161 , 283
161 , 280
162 , 279
163 , 277
162 , 276
161 , 275
160 , 277
159 , 277
158 , 275
157 , 275
154 , 276
152 , 277
151 , 276
150 , 276
149 , 277
147 , 278
146 , 279
144 , 279
143 , 279
142 , 279
141 , 280
140 , 279
139 , 279
137 , 280
136 , 280
135 , 281
134 , 283
133 , 284
132 , 284
131 , 283
129 , 284
128 , 285
127 , 285
125 , 287
124 , 288
123 , 288
122 , 290
121 , 291
120 , 292
119 , 292
117 , 294
118 , 295
119 , 295
117 , 297
116 , 296
118 , 298
116 , 299
115 , 300
114 , 302
113 , 303
112 , 303
112 , 306
111 , 306
110 , 306
109 , 307
108 , 309
107 , 310
106 , 310
104 , 311
103 , 311
102 , 313
101 , 314
100 , 314
99 , 316
98 , 316
97 , 318
96 , 318
94 , 319
95 , 320
96 , 321
94 , 322
93 , 321
92 , 322
91 , 323
90 , 325
91 , 326
92 , 325
93 , 324
89 , 327
88 , 327
87 , 328
88 , 330
87 , 331
86 , 332
85 , 333
84 , 334
85 , 336
84 , 337
85 , 339
84 , 340
83 , 340
85 , 342
84 , 343
83 , 343
82 , 345
83 , 346
84 , 346
82 , 348
83 , 349
84 , 349
84 , 352
83 , 352
85 , 352
85 , 355
84 , 355
83 , 355
84 , 358
85 , 358
86 , 358
86 , 361
85 , 361
84 , 361
85 , 364
86 , 364
87 , 366
86 , 367
85 , 367
87 , 369
86 , 370
85 , 370
84 , 372
85 , 373
86 , 373
84 , 375
85 , 376
86 , 376
84 , 378
83 , 377
85 , 379
83 , 380
82 , 381
81 , 382
82 , 384
81 , 385
80 , 386
79 , 387
78 , 388
79 , 390
78 , 391
77 , 391
76 , 392
75 , 391
74 , 393
75 , 394
73 , 395
74 , 396
72 , 397
71 , 396
70 , 398
69 , 399
68 , 400
67 , 401
66 , 403
67 , 404
68 , 403
69 , 402
70 , 401
71 , 399
65 , 405
64 , 404
63 , 405
64 , 407
63 , 408
62 , 408
61 , 409
60 , 410
59 , 411
60 , 413
59 , 414
58 , 414
57 , 416
56 , 416
58 , 417
57 , 419
56 , 419
55 , 420
56 , 422
57 , 422
55 , 423
54 , 423
56 , 425
55 , 426
54 , 426
56 , 428
55 , 429
54 , 429
56 , 431
55 , 432
56 , 434
55 , 435
56 , 437
57 , 436
58 , 436
59 , 438
58 , 439
57 , 439
59 , 441
58 , 442
60 , 442
59 , 444
60 , 445
61 , 445
61 , 448
60 , 448
62 , 448
63 , 449
62 , 451
63 , 452
64 , 451
65 , 453
66 , 453
64 , 454
65 , 456
66 , 456
67 , 457
68 , 459
67 , 460
69 , 460
70 , 462
69 , 463
71 , 463
72 , 464
73 , 464
71 , 466
72 , 467
73 , 467
74 , 467
75 , 467
76 , 468
77 , 469
75 , 470
76 , 471
77 , 472
78 , 472
79 , 473
80 , 474
81 , 473
81 , 476
82 , 476
83 , 477
82 , 479
83 , 480
84 , 480
85 , 479
85 , 482
84 , 483
83 , 483
85 , 485
84 , 486
83 , 486
85 , 488
84 , 489
83 , 489
82 , 490
83 , 492
82 , 493
81 , 493
80 , 495
81 , 496
82 , 496
80 , 498
79 , 497
78 , 499
79 , 500
80 , 501
78 , 502
77 , 502
76 , 504
75 , 505
74 , 504
73 , 506
74 , 507
72 , 508
71 , 509
70 , 510
69 , 510
68 , 511
67 , 511
65 , 510
64 , 511
63 , 511
62 , 512
61 , 513
60 , 513
59 , 512
58 , 512
57 , 512
56 , 514
57 , 515
55 , 516
54 , 516
53 , 518
54 , 519
55 , 519
56 , 517
53 , 521
54 , 522
53 , 524
52 , 524
54 , 525
53 , 527
54 , 528
55 , 527
55 , 530
54 , 531
53 , 530
53 , 533
54 , 534
55 , 533
56 , 535
55 , 536
54 , 537
55 , 539
56 , 538
57 , 540
56 , 541
58 , 541
57 , 543
56 , 544
58 , 544
57 , 546
58 , 547
59 , 546
59 , 549
58 , 550
60 , 550
59 , 552
60 , 553
61 , 553
59 , 555
60 , 556
61 , 556
59 , 558
60 , 559
61 , 559
59 , 561
60 , 562
61 , 562
59 , 564
60 , 565
59 , 567
58 , 567
60 , 568
59 , 570
58 , 570
57 , 572
58 , 573
57 , 575
56 , 576
55 , 577
56 , 579
55 , 580
54 , 581
53 , 583
52 , 584
54 , 584
55 , 583
53 , 586
52 , 587
51 , 588
50 , 589
49 , 589
48 , 590
47 , 591
45 , 592
46 , 593
47 , 594
48 , 593
49 , 592
51 , 591
50 , 596
48 , 596
52 , 596
54 , 596
55 , 596
56 , 596
58 , 594
57 , 593
56 , 593
59 , 592
60 , 593
61 , 592
63 , 592
64 , 592
65 , 593
66 , 592
67 , 591
68 , 590
69 , 589
70 , 589
71 , 588
73 , 588
72 , 586
73 , 585
74 , 586
75 , 586
76 , 585
75 , 583
76 , 582
77 , 583
78 , 583
79 , 582
78 , 580
79 , 579
80 , 579
81 , 579
82 , 578
83 , 578
81 , 576
82 , 575
83 , 575
84 , 574
85 , 575
85 , 572
84 , 571
86 , 571
85 , 569
84 , 568
86 , 568
85 , 566
84 , 565
86 , 565
85 , 563
84 , 562
86 , 562
85 , 560
84 , 559
83 , 560
83 , 557
84 , 556
85 , 557
83 , 554
84 , 553
82 , 552
83 , 551
84 , 550
82 , 549
83 , 548
82 , 546
81 , 546
83 , 545
82 , 543
81 , 543
80 , 541
81 , 540
82 , 540
80 , 538
81 , 537
82 , 537
80 , 535
81 , 534
82 , 534
80 , 532
81 , 531
82 , 531
80 , 529
81 , 528
82 , 528
80 , 526
81 , 525
82 , 525
82 , 522
81 , 522
83 , 522
83 , 519
82 , 519
84 , 518
85 , 518
83 , 516
84 , 515
85 , 515
86 , 515
87 , 513
86 , 512
88 , 512
89 , 512
90 , 512
91 , 511
92 , 510
93 , 510
94 , 509
95 , 509
96 , 510
98 , 508
97 , 507
96 , 507
98 , 505
99 , 504
100 , 505
101 , 504
102 , 504
100 , 502
101 , 501
102 , 501
103 , 500
102 , 498
101 , 498
103 , 497
102 , 495
101 , 495
103 , 494
102 , 492
101 , 492
103 , 491
102 , 489
101 , 489
103 , 488
102 , 486
101 , 486
100 , 485
101 , 483
100 , 482
99 , 481
100 , 479
99 , 478
98 , 477
97 , 475
98 , 474
99 , 475
97 , 472
96 , 471
98 , 471
97 , 469
96 , 468
95 , 469
95 , 466
94 , 466
93 , 465
94 , 463
95 , 463
93 , 462
92 , 461
91 , 459
92 , 458
93 , 459
94 , 460
91 , 456
90 , 456
92 , 455
91 , 453
90 , 453
89 , 453
89 , 450
90 , 450
88 , 449
89 , 447
88 , 446
87 , 446
89 , 444
88 , 443
87 , 443
86 , 442
87 , 440
86 , 439
85 , 438
86 , 436
85 , 435
84 , 434
85 , 432
84 , 431
85 , 429
84 , 428
85 , 426
86 , 427
87 , 426
86 , 424
87 , 423
88 , 423
88 , 420
87 , 420
89 , 420
90 , 420
91 , 418
90 , 417
89 , 417
91 , 415
92 , 416
93 , 414
92 , 413
93 , 411
94 , 411
95 , 410
94 , 408
95 , 407
96 , 407
97 , 405
96 , 404
95 , 404
97 , 402
98 , 402
99 , 400
98 , 399
97 , 399
99 , 397
100 , 396
99 , 394
100 , 393
101 , 394
102 , 393
101 , 391
102 , 390
101 , 388
102 , 387
103 , 388
103 , 385
104 , 385
105 , 384
104 , 382
103 , 382
102 , 384
105 , 381
104 , 379
105 , 378
106 , 379
106 , 376
105 , 375
104 , 376
107 , 375
106 , 373
105 , 372
107 , 372
106 , 370
107 , 369
108 , 370
108 , 367
107 , 366
106 , 367
106 , 364
107 , 363
108 , 364
109 , 363
108 , 361
107 , 360
109 , 360
108 , 358
107 , 357
109 , 357
108 , 355
107 , 354
109 , 354
108 , 352
109 , 351
110 , 350
108 , 349
109 , 348
110 , 347
108 , 346
109 , 345
110 , 344
109 , 342
110 , 341
111 , 341
112 , 339
111 , 338
110 , 338
109 , 339
110 , 335
111 , 335
112 , 336
112 , 333
111 , 332
113 , 332
112 , 330
113 , 329
114 , 329
115 , 327
114 , 326
113 , 326
115 , 324
114 , 323
115 , 321
116 , 322
117 , 323
116 , 325
117 , 320
118 , 320
116 , 319
117 , 317
118 , 317
119 , 318
119 , 315
120 , 315
121 , 313
120 , 312
122 , 312
121 , 310
122 , 309
123 , 310
124 , 309
125 , 308
126 , 308
124 , 306
125 , 305
126 , 305
127 , 305
128 , 305
129 , 304
128 , 302
129 , 301
130 , 301
131 , 300
132 , 300
133 , 300
134 , 299
135 , 297
138 , 297
139 , 297
140 , 298
141 , 297
142 , 297
140 , 295
139 , 300
138 , 300
137 , 302
136 , 303
138 , 303
137 , 305
136 , 306
135 , 305
135 , 308
134 , 308
133 , 310
134 , 311
132 , 312
131 , 313
133 , 313
132 , 315
131 , 316
130 , 315
130 , 318
131 , 319
132 , 318
129 , 320
130 , 321
129 , 323
128 , 324
127 , 325
128 , 327
127 , 328
128 , 330
127 , 331
126 , 332
127 , 334
126 , 335
125 , 336
126 , 338
125 , 339
126 , 341
125 , 342
124 , 344
125 , 345
126 , 344
126 , 347
125 , 348
124 , 347
124 , 350
125 , 351
126 , 352
127 , 340
127 , 337
128 , 333
129 , 329
129 , 326
130 , 324
157 , 323
158 , 322
157 , 320
158 , 319
159 , 320
159 , 317
158 , 316
157 , 317
159 , 314
158 , 313
159 , 311
160 , 312
160 , 309
159 , 308
161 , 308
160 , 306
161 , 305
162 , 304
163 , 304
164 , 303
165 , 302
166 , 301
164 , 300
163 , 301
162 , 301
163 , 298
164 , 297
165 , 296
166 , 295
167 , 296
166 , 298
165 , 299
164 , 294
165 , 293
166 , 292
167 , 293
168 , 292
167 , 290
166 , 289
168 , 289
167 , 287
168 , 286
169 , 286
170 , 284
169 , 283
168 , 283
167 , 284
168 , 280
169 , 280
170 , 281
171 , 281
172 , 279
173 , 278
175 , 276
174 , 275
176 , 275
177 , 275
178 , 275
179 , 275
180 , 274
181 , 273
182 , 274
183 , 273
184 , 273
185 , 271
186 , 272
187 , 270
188 , 271
189 , 269
190 , 269
191 , 268
192 , 266
193 , 265
194 , 264
195 , 263
196 , 264
196 , 261
197 , 261
198 , 260
199 , 261
200 , 260
201 , 257
202 , 257
203 , 257
204 , 256
206 , 253
207 , 253
208 , 253
209 , 251
210 , 252
212 , 251
214 , 250
216 , 247
217 , 247
218 , 247
219 , 247
220 , 247
221 , 247
222 , 246
223 , 246
224 , 246
225 , 244
226 , 245
227 , 244
228 , 244
229 , 244
230 , 244
231 , 243
232 , 242
233 , 242
234 , 243
235 , 242
236 , 241
237 , 243
238 , 243
239 , 243
240 , 243
241 , 243
242 , 242
243 , 242
244 , 241
245 , 241
246 , 240
247 , 242
248 , 242
249 , 241
250 , 240
251 , 240
252 , 242
253 , 241
254 , 240
255 , 242
256 , 242
257 , 241
258 , 240
259 , 242
260 , 242
261 , 241
262 , 241
263 , 240
264 , 240
266 , 242
267 , 242
268 , 243
269 , 243
270 , 243
271 , 243
272 , 243
273 , 242
274 , 243
275 , 243
276 , 243
277 , 244
278 , 245
280 , 245
281 , 245
282 , 245
284 , 246
285 , 246
287 , 246
288 , 246
290 , 245
291 , 246
292 , 246
294 , 244
293 , 243
292 , 243
291 , 242
289 , 242
288 , 240
287 , 240
286 , 241
285 , 240
284 , 240
283 , 241
282 , 240
281 , 239
280 , 239
279 , 240
278 , 239
277 , 238
275 , 237
274 , 237
272 , 237
271 , 237
270 , 237
269 , 237
268 , 237
267 , 236
266 , 235
265 , 236
264 , 234
263 , 234
262 , 235
261 , 234
260 , 235
259 , 235
257 , 234
256 , 235
255 , 234
253 , 233
252 , 234
251 , 232
250 , 232
249 , 233
248 , 234
247 , 234
245 , 233
244 , 233
242 , 234
241 , 235
240 , 235
239 , 235
238 , 235
237 , 236
236 , 234
235 , 234
234 , 235
233 , 234
232 , 235
231 , 236
230 , 236
229 , 237
228 , 237
227 , 237
226 , 238
225 , 237
224 , 239
223 , 239
222 , 239
220 , 240
219 , 240
218 , 241
217 , 240
216 , 241
215 , 243
214 , 244
213 , 244
212 , 245
211 , 245
210 , 246
208 , 246
207 , 247
205 , 249
204 , 250
203 , 250
202 , 250
201 , 250
200 , 252
199 , 253
198 , 253
197 , 254
196 , 254
195 , 256
194 , 256
193 , 257
192 , 258
190 , 258
191 , 260
190 , 261
189 , 261
188 , 262
187 , 262
185 , 263
184 , 263
183 , 265
184 , 266
182 , 267
180 , 267
179 , 268
178 , 269
177 , 268
176 , 268
174 , 268
173 , 270
172 , 271
171 , 272
170 , 271
169 , 271
168 , 273
167 , 274
166 , 275
165 , 275
164 , 276
165 , 278
166 , 278
167 , 277
175 , 270
181 , 265
186 , 264
155 , 278
153 , 278
151 , 279
150 , 279
139 , 282
138 , 281
137 , 283
136 , 283
130 , 285
127 , 288
126 , 288
123 , 291
105 , 312
103 , 314
100 , 317
98 , 319
90 , 328
87 , 334
86 , 335
84 , 381
83 , 383
80 , 389
100 , 399
86 , 430
86 , 433
87 , 437
96 , 465
101 , 480
122 , 480
123 , 481
124 , 482
122 , 483
123 , 484
124 , 485
122 , 486
123 , 487
124 , 488
122 , 489
123 , 490
124 , 491
122 , 492
123 , 493
124 , 494
122 , 495
123 , 496
124 , 497
125 , 498
123 , 499
124 , 500
125 , 501
123 , 502
124 , 503
125 , 504
123 , 505
124 , 506
125 , 507
123 , 508
124 , 509
125 , 510
123 , 511
124 , 512
122 , 513
123 , 514
124 , 515
122 , 516
123 , 517
124 , 518
122 , 519
123 , 520
124 , 521
122 , 522
123 , 523
122 , 525
121 , 525
123 , 526
122 , 528
121 , 528
123 , 529
122 , 531
121 , 531
120 , 533
121 , 534
122 , 534
120 , 536
121 , 537
122 , 537
120 , 539
119 , 540
121 , 540
120 , 542
119 , 543
121 , 543
120 , 545
119 , 546
118 , 548
119 , 549
120 , 548
120 , 551
119 , 552
118 , 551
118 , 554
119 , 555
118 , 557
119 , 558
120 , 559
121 , 558
123 , 557
124 , 556
125 , 556
125 , 553
126 , 553
127 , 553
128 , 551
129 , 552
130 , 549
131 , 549
132 , 550
133 , 549
132 , 547
133 , 546
134 , 545
135 , 545
136 , 543
137 , 543
138 , 541
139 , 540
140 , 540
140 , 537
141 , 537
142 , 537
143 , 535
144 , 535
142 , 534
143 , 532
144 , 532
145 , 532
145 , 529
144 , 529
146 , 529
147 , 528
146 , 526
147 , 525
146 , 523
147 , 522
148 , 523
148 , 520
147 , 519
149 , 519
148 , 517
149 , 516
148 , 514
149 , 513
150 , 512
148 , 511
149 , 510
150 , 509
148 , 508
149 , 507
150 , 506
148 , 505
149 , 504
150 , 503
148 , 502
149 , 501
148 , 499
149 , 498
148 , 496
149 , 495
147 , 494
148 , 493
149 , 492
147 , 491
148 , 490
147 , 488
148 , 487
146 , 486
147 , 485
146 , 483
145 , 482
147 , 482
146 , 480
145 , 479
146 , 477
145 , 476
146 , 474
145 , 473
146 , 471
145 , 470
146 , 468
145 , 467
146 , 465
147 , 466
147 , 463
148 , 463
146 , 462
147 , 460
148 , 460
149 , 459
150 , 458
148 , 457
149 , 456
150 , 455
151 , 455
152 , 455
154 , 453
153 , 452
152 , 452
154 , 450
155 , 449
156 , 449
157 , 448
158 , 448
159 , 447
158 , 445
159 , 444
160 , 444
161 , 442
162 , 442
163 , 441
162 , 439
161 , 439
160 , 441
163 , 438
164 , 437
162 , 436
163 , 435
164 , 434
165 , 434
163 , 432
164 , 431
165 , 431
165 , 428
164 , 428
166 , 427
165 , 425
164 , 425
166 , 424
165 , 422
164 , 422
166 , 421
165 , 419
164 , 419
166 , 418
165 , 416
164 , 416
166 , 415
165 , 413
164 , 413
164 , 410
165 , 410
165 , 407
164 , 407
164 , 404
165 , 404
165 , 401
164 , 401
163 , 401
163 , 398
164 , 398
164 , 395
163 , 395
163 , 392
164 , 392
163 , 389
163 , 386
164 , 384
163 , 383
164 , 381
163 , 380
164 , 378
163 , 377
164 , 375
163 , 374
164 , 372
163 , 371
162 , 371
164 , 369
163 , 368
162 , 368
164 , 366
163 , 365
162 , 365
164 , 363
163 , 362
162 , 362
162 , 359
161 , 359
163 , 359
163 , 356
162 , 356
161 , 356
161 , 353
160 , 353
162 , 353
163 , 353
163 , 350
162 , 350
161 , 350
160 , 350
160 , 347
161 , 347
162 , 347
163 , 347
163 , 344
162 , 344
161 , 344
160 , 344
159 , 345
159 , 342
160 , 341
162 , 341
163 , 341
163 , 338
163 , 335
162 , 333
163 , 332
164 , 333
164 , 330
163 , 329
164 , 327
163 , 326
164 , 324
163 , 323
164 , 321
163 , 320
164 , 318
163 , 317
165 , 317
164 , 315
165 , 314
164 , 312
165 , 311
164 , 309
165 , 308
165 , 305
166 , 305
158 , 325
157 , 326
158 , 328
157 , 329
158 , 331
157 , 332
158 , 334
157 , 335
158 , 337
159 , 336
159 , 333
159 , 339
158 , 340
165 , 370
165 , 373
165 , 376
166 , 377
165 , 379
166 , 380
165 , 382
166 , 383
167 , 382
167 , 385
166 , 386
167 , 388
168 , 388
168 , 391
167 , 391
169 , 391
169 , 394
168 , 394
168 , 397
169 , 397
170 , 397
170 , 400
169 , 400
169 , 403
170 , 403
171 , 404
170 , 406
169 , 406
171 , 407
170 , 409
171 , 410
170 , 412
171 , 413
170 , 415
171 , 416
172 , 416
170 , 418
171 , 419
172 , 419
172 , 422
171 , 422
173 , 423
172 , 425
171 , 425
173 , 426
174 , 426
172 , 428
173 , 429
174 , 429
172 , 431
173 , 432
174 , 432
172 , 434
173 , 435
174 , 435
172 , 437
173 , 438
174 , 438
172 , 440
173 , 441
174 , 441
172 , 443
171 , 444
173 , 444
172 , 446
171 , 447
173 , 447
172 , 449
171 , 450
170 , 450
172 , 452
171 , 453
170 , 453
172 , 455
171 , 456
170 , 456
172 , 458
171 , 459
170 , 459
172 , 461
171 , 462
170 , 462
169 , 462
169 , 465
170 , 465
171 , 465
171 , 468
170 , 468
169 , 468
169 , 471
170 , 471
171 , 471
171 , 474
170 , 474
169 , 474
169 , 477
170 , 477
171 , 477
171 , 480
170 , 480
169 , 480
168 , 481
169 , 483
170 , 483
168 , 484
167 , 486
166 , 487
168 , 487
169 , 486
167 , 489
166 , 490
165 , 491
164 , 493
165 , 494
166 , 493
167 , 492
168 , 490
164 , 496
163 , 496
162 , 497
161 , 498
162 , 500
161 , 501
160 , 501
162 , 503
161 , 504
160 , 504
159 , 505
160 , 507
161 , 507
159 , 508
160 , 510
161 , 510
159 , 511
160 , 513
161 , 513
159 , 514
160 , 516
161 , 516
159 , 517
160 , 519
161 , 519
162 , 519
162 , 522
161 , 522
160 , 522
161 , 525
162 , 525
163 , 524
163 , 527
164 , 527
162 , 528
163 , 530
164 , 530
165 , 531
164 , 533
163 , 533
165 , 534
164 , 536
165 , 537
166 , 536
166 , 539
165 , 540
164 , 539
167 , 540
166 , 542
165 , 543
167 , 543
166 , 545
165 , 546
167 , 546
166 , 548
167 , 549
168 , 549
166 , 551
167 , 552
168 , 552
166 , 554
167 , 555
168 , 555
166 , 557
167 , 558
168 , 558
166 , 560
167 , 561
168 , 561
166 , 563
167 , 564
168 , 564
166 , 566
167 , 567
168 , 567
166 , 569
167 , 570
168 , 570
166 , 572
165 , 571
167 , 573
165 , 574
166 , 575
167 , 576
165 , 577
166 , 578
167 , 579
165 , 580
166 , 581
167 , 582
165 , 583
164 , 584
166 , 584
165 , 586
164 , 587
166 , 587
165 , 589
164 , 590
163 , 589
163 , 592
162 , 592
164 , 593
165 , 592
163 , 595
162 , 595
161 , 595
161 , 598
160 , 598
162 , 598
162 , 601
161 , 601
160 , 601
161 , 604
162 , 604
163 , 604
163 , 607
162 , 607
164 , 607
165 , 609
166 , 609
164 , 610
165 , 612
166 , 612
167 , 612
168 , 613
167 , 615
166 , 615
168 , 616
167 , 618
166 , 618
165 , 619
164 , 621
165 , 622
166 , 621
163 , 623
164 , 624
165 , 625
163 , 626
162 , 626
164 , 627
163 , 629
162 , 629
161 , 629
161 , 632
162 , 632
163 , 632
163 , 635
162 , 635
161 , 635
161 , 638
162 , 638
163 , 638
164 , 639
163 , 641
162 , 641
164 , 642
165 , 644
166 , 644
167 , 644
190 , 645
191 , 644
192 , 644
193 , 643
194 , 643
192 , 641
193 , 640
194 , 640
195 , 640
196 , 639
195 , 637
194 , 637
196 , 636
195 , 634
194 , 634
196 , 633
195 , 631
194 , 631
193 , 629
194 , 628
195 , 628
196 , 630
193 , 626
192 , 626
191 , 625
190 , 623
191 , 622
192 , 623
189 , 621
188 , 620
187 , 619
188 , 617
187 , 616
186 , 616
188 , 614
187 , 613
186 , 613
188 , 611
187 , 610
186 , 610
188 , 608
187 , 607
186 , 607
188 , 605
187 , 604
186 , 604
188 , 602
187 , 601
186 , 601
188 , 599
189 , 599
187 , 598
186 , 598
188 , 596
187 , 595
186 , 595
188 , 593
187 , 592
186 , 592
188 , 590
187 , 589
186 , 589
185 , 588
186 , 586
187 , 586
185 , 585
186 , 583
187 , 583
185 , 582
184 , 581
185 , 579
184 , 578
185 , 576
184 , 575
185 , 573
184 , 572
185 , 570
184 , 569
185 , 567
184 , 566
185 , 564
184 , 563
185 , 561
184 , 560
185 , 558
184 , 557
183 , 556
184 , 554
183 , 553
184 , 551
183 , 550
184 , 548
183 , 547
184 , 545
183 , 544
184 , 542
185 , 543
186 , 543
186 , 540
185 , 540
184 , 539
185 , 537
186 , 537
184 , 536
185 , 534
186 , 534
184 , 533
185 , 531
186 , 531
186 , 528
185 , 528
184 , 527
183 , 528
182 , 528
180 , 528
179 , 530
178 , 531
177 , 531
176 , 530
175 , 530
174 , 531
172 , 531
171 , 530
170 , 529
169 , 527
168 , 527
170 , 526
171 , 527
172 , 528
173 , 529
169 , 524
168 , 524
167 , 522
168 , 521
169 , 521
167 , 519
168 , 518
169 , 518
167 , 516
168 , 515
169 , 515
169 , 512
168 , 512
170 , 512
170 , 509
169 , 509
171 , 508
170 , 506
171 , 505
172 , 505
173 , 504
174 , 504
175 , 502
174 , 501
176 , 501
177 , 502
178 , 502
179 , 502
180 , 501
181 , 501
183 , 503
182 , 504
181 , 504
183 , 506
184 , 506
185 , 506
185 , 509
184 , 509
186 , 510
185 , 512
186 , 513
185 , 515
186 , 516
187 , 517
189 , 517
190 , 517
191 , 517
191 , 514
190 , 514
190 , 511
191 , 511
191 , 508
190 , 508
190 , 505
191 , 505
192 , 505
192 , 502
191 , 502
190 , 502
190 , 499
191 , 499
192 , 499
192 , 496
191 , 496
190 , 496
190 , 493
191 , 493
192 , 493
193 , 491
192 , 490
191 , 490
193 , 488
192 , 487
191 , 487
193 , 485
192 , 484
193 , 482
194 , 483
195 , 482
194 , 480
195 , 479
196 , 480
197 , 480
198 , 479
197 , 477
198 , 476
199 , 477
200 , 476
201 , 476
202 , 475
203 , 474
204 , 473
202 , 472
201 , 473
203 , 471
204 , 470
205 , 471
205 , 468
206 , 468
207 , 466
206 , 465
205 , 465
207 , 463
206 , 462
208 , 462
209 , 462
207 , 460
208 , 459
209 , 459
210 , 458
211 , 457
209 , 456
210 , 455
211 , 454
212 , 454
213 , 453
212 , 451
211 , 451
213 , 450
214 , 451
214 , 448
213 , 447
215 , 447
216 , 446
217 , 445
215 , 444
216 , 443
217 , 442
218 , 443
219 , 442
220 , 441
218 , 440
219 , 439
220 , 438
221 , 439
222 , 437
221 , 436
223 , 436
222 , 434
223 , 433
224 , 433
225 , 432
224 , 430
225 , 429
226 , 430
226 , 427
227 , 427
225 , 426
226 , 424
227 , 424
228 , 424
228 , 421
227 , 421
229 , 421
229 , 418
228 , 418
227 , 418
227 , 415
228 , 415
229 , 415
230 , 413
229 , 412
228 , 412
230 , 410
229 , 409
228 , 409
230 , 407
229 , 406
231 , 406
230 , 404
231 , 403
232 , 403
233 , 402
232 , 400
233 , 399
234 , 400
235 , 399
236 , 398
237 , 400
238 , 400
239 , 400
240 , 400
241 , 400
242 , 401
243 , 401
244 , 401
245 , 401
246 , 401
246 , 404
247 , 404
248 , 404
249 , 404
250 , 404
251 , 404
253 , 406
254 , 406
252 , 407
251 , 407
254 , 409
255 , 409
256 , 409
257 , 408
258 , 408
258 , 411
259 , 411
260 , 411
261 , 411
262 , 411
263 , 411
264 , 411
265 , 412
264 , 414
266 , 414
267 , 415
268 , 415
269 , 416
270 , 417
271 , 417
272 , 418
273 , 418
274 , 420
273 , 421
272 , 421
274 , 423
275 , 422
276 , 424
275 , 425
276 , 427
275 , 428
276 , 430
277 , 429
278 , 430
279 , 431
277 , 432
278 , 433
279 , 434
278 , 436
279 , 437
280 , 436
280 , 439
281 , 439
279 , 440
280 , 442
281 , 442
282 , 442
282 , 445
281 , 445
280 , 445
283 , 445
283 , 448
282 , 448
281 , 448
282 , 451
283 , 451
284 , 451
284 , 454
283 , 454
285 , 454
286 , 456
285 , 457
284 , 457
286 , 459
285 , 460
284 , 460
286 , 462
285 , 463
287 , 463
286 , 465
285 , 466
287 , 466
286 , 468
285 , 469
287 , 469
286 , 471
285 , 472
287 , 472
286 , 474
285 , 475
284 , 475
286 , 477
285 , 478
284 , 478
283 , 479
284 , 481
285 , 481
283 , 482
282 , 483
283 , 485
282 , 486
281 , 486
281 , 489
282 , 489
280 , 490
279 , 491
278 , 492
277 , 494
278 , 495
279 , 494
280 , 493
281 , 492
279 , 497
278 , 498
277 , 497
277 , 500
278 , 501
279 , 500
279 , 503
278 , 504
280 , 504
279 , 506
280 , 507
281 , 507
282 , 509
283 , 509
281 , 510
282 , 512
283 , 512
281 , 513
282 , 515
283 , 515
284 , 514
284 , 517
283 , 518
284 , 520
285 , 519
286 , 519
287 , 521
286 , 522
285 , 522
287 , 524
288 , 524
289 , 523
290 , 525
289 , 526
290 , 528
291 , 527
292 , 529
293 , 528
294 , 530
295 , 530
293 , 531
294 , 533
295 , 533
296 , 533
297 , 534
298 , 536
299 , 536
300 , 538
299 , 539
301 , 539
302 , 541
301 , 542
303 , 542
304 , 543
305 , 544
306 , 544
304 , 546
305 , 547
306 , 547
307 , 548
308 , 549
307 , 551
308 , 552
309 , 551
310 , 550
310 , 553
311 , 553
309 , 554
311 , 556
312 , 556
313 , 557
314 , 558
315 , 559
313 , 560
312 , 559
314 , 561
315 , 562
316 , 561
316 , 564
315 , 565
317 , 565
316 , 567
317 , 568
318 , 567
319 , 569
318 , 570
320 , 570
321 , 571
319 , 572
320 , 573
321 , 574
322 , 574
323 , 575
322 , 577
321 , 577
323 , 578
324 , 579
325 , 580
323 , 581
322 , 580
324 , 582
325 , 583
324 , 585
325 , 586
326 , 585
326 , 588
327 , 588
325 , 589
326 , 591
327 , 591
328 , 591
329 , 593
328 , 594
327 , 594
329 , 596
330 , 596
328 , 597
329 , 599
330 , 599
331 , 601
332 , 601
330 , 602
331 , 604
332 , 604
333 , 603
333 , 606
334 , 606
335 , 606
336 , 607
337 , 605
339 , 607
340 , 607
338 , 608
341 , 605
343 , 605
344 , 604
345 , 604
346 , 605
347 , 604
346 , 602
345 , 607
346 , 608
347 , 607
345 , 610
344 , 610
346 , 611
345 , 613
344 , 613
346 , 614
345 , 616
344 , 616
346 , 617
345 , 619
344 , 619
346 , 620
345 , 622
346 , 623
347 , 624
348 , 625
349 , 625
350 , 626
351 , 625
352 , 626
353 , 626
354 , 626
355 , 625
356 , 626
357 , 625
358 , 625
359 , 627
358 , 628
360 , 626
361 , 627
362 , 626
363 , 627
364 , 626
365 , 627
366 , 627
367 , 628
368 , 629
369 , 629
370 , 629
371 , 629
372 , 629
373 , 627
374 , 627
375 , 627
376 , 626
377 , 625
378 , 626
379 , 626
380 , 625
381 , 624
379 , 623
380 , 622
381 , 621
379 , 620
380 , 619
381 , 618
379 , 617
380 , 616
381 , 615
379 , 614
380 , 613
381 , 612
379 , 611
378 , 612
380 , 610
378 , 609
379 , 608
378 , 606
377 , 606
376 , 604
377 , 603
378 , 603
376 , 601
375 , 601
374 , 599
373 , 598
372 , 598
371 , 597
370 , 595
369 , 594
368 , 593
367 , 591
366 , 590
365 , 590
364 , 589
363 , 589
362 , 588
361 , 589
360 , 588
359 , 589
358 , 587
357 , 587
356 , 587
355 , 586
354 , 585
353 , 584
354 , 582
353 , 581
352 , 581
352 , 578
351 , 578
350 , 577
349 , 575
348 , 575
347 , 574
348 , 572
349 , 572
347 , 571
346 , 571
345 , 572
344 , 572
343 , 570
342 , 570
341 , 568
340 , 568
339 , 566
338 , 566
340 , 565
339 , 563
338 , 563
337 , 563
336 , 563
335 , 562
334 , 560
335 , 559
336 , 560
337 , 560
334 , 557
333 , 557
332 , 555
331 , 555
333 , 554
332 , 552
331 , 552
330 , 552
329 , 550
328 , 550
327 , 548
326 , 547
328 , 547
329 , 547
330 , 549
327 , 545
326 , 544
325 , 543
324 , 542
325 , 540
324 , 539
323 , 539
322 , 538
323 , 536
322 , 535
321 , 535
320 , 534
319 , 533
320 , 531
319 , 530
318 , 530
320 , 528
319 , 527
318 , 527
317 , 527
317 , 524
318 , 524
319 , 524
318 , 521
317 , 521
316 , 521
316 , 518
317 , 518
315 , 516
316 , 515
317 , 515
315 , 513
314 , 512
316 , 512
315 , 510
314 , 509
313 , 508
314 , 506
313 , 505
312 , 504
313 , 502
312 , 501
311 , 499
312 , 498
313 , 499
311 , 496
310 , 496
312 , 495
311 , 493
310 , 493
309 , 493
309 , 490
310 , 490
311 , 490
312 , 489
311 , 487
310 , 487
312 , 486
311 , 484
312 , 483
313 , 484
314 , 482
313 , 481
312 , 480
314 , 479
315 , 478
316 , 477
317 , 477
318 , 476
317 , 474
316 , 474
318 , 473
319 , 473
320 , 472
321 , 471
322 , 470
320 , 469
319 , 470
321 , 468
322 , 467
323 , 468
324 , 467
323 , 465
322 , 464
324 , 464
325 , 463
323 , 462
324 , 461
325 , 460
326 , 459
324 , 458
325 , 457
326 , 456
324 , 455
325 , 454
326 , 453
327 , 454
327 , 451
326 , 450
325 , 451
325 , 448
326 , 447
327 , 448
328 , 446
327 , 445
326 , 444
327 , 442
326 , 441
327 , 439
328 , 440
328 , 437
327 , 436
329 , 436
328 , 434
327 , 433
329 , 433
330 , 432
328 , 431
329 , 430
330 , 429
331 , 429
329 , 427
330 , 426
331 , 426
331 , 423
330 , 423
332 , 423
332 , 420
331 , 420
333 , 420
334 , 420
335 , 420
336 , 418
335 , 417
334 , 417
337 , 417
338 , 417
339 , 416
340 , 417
341 , 417
342 , 416
343 , 415
344 , 415
345 , 415
346 , 416
347 , 415
348 , 415
349 , 414
350 , 414
351 , 413
352 , 412
353 , 412
354 , 411
355 , 412
356 , 413
354 , 414
352 , 415
356 , 410
357 , 411
358 , 410
359 , 411
360 , 409
361 , 409
359 , 408
362 , 407
363 , 408
364 , 408
365 , 407
366 , 407
367 , 407
368 , 405
369 , 405
370 , 405
371 , 406
372 , 406
373 , 405
374 , 405
375 , 405
376 , 406
377 , 407
378 , 407
379 , 406
380 , 407
379 , 409
380 , 410
381 , 409
382 , 410
383 , 410
384 , 412
383 , 413
384 , 415
385 , 414
386 , 416
387 , 415
388 , 417
387 , 418
388 , 420
389 , 419
390 , 418
391 , 420
390 , 421
391 , 423
392 , 422
393 , 422
394 , 424
395 , 423
397 , 424
396 , 426
395 , 426
397 , 427
398 , 426
399 , 427
401 , 427
400 , 429
401 , 430
402 , 430
403 , 429
404 , 429
405 , 431
406 , 431
404 , 432
407 , 433
408 , 433
409 , 433
410 , 435
411 , 436
412 , 437
413 , 436
414 , 435
415 , 436
416 , 437
414 , 438
417 , 439
418 , 438
419 , 440
420 , 440
421 , 440
422 , 442
421 , 443
420 , 443
422 , 445
423 , 445
421 , 446
422 , 448
423 , 448
424 , 448
425 , 449
424 , 451
423 , 451
425 , 452
426 , 453
424 , 454
425 , 455
426 , 456
427 , 456
428 , 458
427 , 459
426 , 459
425 , 458
428 , 461
427 , 462
428 , 464
429 , 464
430 , 466
429 , 467
430 , 469
431 , 468
432 , 469
433 , 469
434 , 471
435 , 471
436 , 472
435 , 474
434 , 474
433 , 472
436 , 475
437 , 474
437 , 477
438 , 477
436 , 478
438 , 480
439 , 479
440 , 479
440 , 482
439 , 482
441 , 483
440 , 485
441 , 486
442 , 485
443 , 487
442 , 488
444 , 488
445 , 489
443 , 490
444 , 491
445 , 492
446 , 492
447 , 494
446 , 495
445 , 495
447 , 497
448 , 498
449 , 498
450 , 500
449 , 501
448 , 501
447 , 500
450 , 503
449 , 504
451 , 504
450 , 506
449 , 507
451 , 507
452 , 507
450 , 509
451 , 510
452 , 510
453 , 512
452 , 513
451 , 513
450 , 512
451 , 516
452 , 516
453 , 515
453 , 518
452 , 519
451 , 519
453 , 521
452 , 522
451 , 522
453 , 524
452 , 525
451 , 525
453 , 527
452 , 528
451 , 528
450 , 530
451 , 531
452 , 531
450 , 533
449 , 534
451 , 534
450 , 536
451 , 537
452 , 538
450 , 539
451 , 540
452 , 541
453 , 540
454 , 540
455 , 542
456 , 542
457 , 543
456 , 545
455 , 545
454 , 543
453 , 543
457 , 546
458 , 545
459 , 546
458 , 548
457 , 549
459 , 549
458 , 551
457 , 552
459 , 552
458 , 554
457 , 555
456 , 554
455 , 556
454 , 557
456 , 557
455 , 559
454 , 560
453 , 560
452 , 561
453 , 563
452 , 564
451 , 564
453 , 566
452 , 567
451 , 567
451 , 570
452 , 570
453 , 572
452 , 573
451 , 573
453 , 575
452 , 576
451 , 576
453 , 578
452 , 579
451 , 579
453 , 581
452 , 582
454 , 582
453 , 584
454 , 585
455 , 585
456 , 587
455 , 588
454 , 588
456 , 590
457 , 589
457 , 592
458 , 592
459 , 594
458 , 595
460 , 595
461 , 596
462 , 595
463 , 596
464 , 596
465 , 597
466 , 596
467 , 597
469 , 597
468 , 595
469 , 594
470 , 594
471 , 593
472 , 593
473 , 593
473 , 590
474 , 590
475 , 590
476 , 589
477 , 589
478 , 587
477 , 586
479 , 586
478 , 584
479 , 583
480 , 584
481 , 582
480 , 581
481 , 579
482 , 579
480 , 578
481 , 576
482 , 576
483 , 576
483 , 573
482 , 573
484 , 573
484 , 570
483 , 570
482 , 570
482 , 567
483 , 567
484 , 567
483 , 564
482 , 564
481 , 565
481 , 562
482 , 561
480 , 560
479 , 560
481 , 559
480 , 557
479 , 557
478 , 557
478 , 554
479 , 554
480 , 554
480 , 551
479 , 551
481 , 549
480 , 548
479 , 548
481 , 546
480 , 545
482 , 545
481 , 543
480 , 542
482 , 542
481 , 540
480 , 539
482 , 539
481 , 537
480 , 536
482 , 536
481 , 534
480 , 533
479 , 532
480 , 530
479 , 529
478 , 529
480 , 527
479 , 526
478 , 526
477 , 526
476 , 525
477 , 523
478 , 523
476 , 522
475 , 522
477 , 520
476 , 519
475 , 519
474 , 517
475 , 516
476 , 516
474 , 514
475 , 513
473 , 512
474 , 511
475 , 510
473 , 509
472 , 510
474 , 508
472 , 507
471 , 506
473 , 506
472 , 504
471 , 503
470 , 503
470 , 500
469 , 500
471 , 500
470 , 497
469 , 497
468 , 497
467 , 497
467 , 494
468 , 494
466 , 493
465 , 491
466 , 490
467 , 491
465 , 488
464 , 487
466 , 487
465 , 485
464 , 484
463 , 484
463 , 481
462 , 481
464 , 481
463 , 478
462 , 478
461 , 478
461 , 475
462 , 475
463 , 475
460 , 474
461 , 472
462 , 472
460 , 471
461 , 469
460 , 468
459 , 468
459 , 465
458 , 465
460 , 465
459 , 462
458 , 462
457 , 463
456 , 464
455 , 466
454 , 467
453 , 467
452 , 468
451 , 469
450 , 468
449 , 469
448 , 468
447 , 469
446 , 469
445 , 468
444 , 468
443 , 469
442 , 468
441 , 468
439 , 466
440 , 465
441 , 465
442 , 465
443 , 466
439 , 463
438 , 464
438 , 461
437 , 461
436 , 459
437 , 458
435 , 457
436 , 456
437 , 455
435 , 454
434 , 453
436 , 453
435 , 451
436 , 450
437 , 449
435 , 448
436 , 447
437 , 446
438 , 447
439 , 445
440 , 445
438 , 444
441 , 443
442 , 443
443 , 443
444 , 444
445 , 444
446 , 445
447 , 445
448 , 445
449 , 446
450 , 446
451 , 448
452 , 449
453 , 449
455 , 451
456 , 451
457 , 451
458 , 450
457 , 448
456 , 447
457 , 445
456 , 444
455 , 443
454 , 443
454 , 440
455 , 440
453 , 439
452 , 439
451 , 437
452 , 436
453 , 436
454 , 437
451 , 434
450 , 434
449 , 433
448 , 431
447 , 430
446 , 430
448 , 428
447 , 427
446 , 427
445 , 427
444 , 426
443 , 424
442 , 423
441 , 422
440 , 423
439 , 422
440 , 420
439 , 419
438 , 419
437 , 419
436 , 417
435 , 416
434 , 416
433 , 414
432 , 414
431 , 413
430 , 411
429 , 410
431 , 410
432 , 411
433 , 411
434 , 413
437 , 416
430 , 408
429 , 407
428 , 407
427 , 407
426 , 406
427 , 404
426 , 403
425 , 403
424 , 404
424 , 401
423 , 401
423 , 398
422 , 398
424 , 398
424 , 395
423 , 395
425 , 395
426 , 393
425 , 392
427 , 391
428 , 392
429 , 390
428 , 389
430 , 389
431 , 389
432 , 388
433 , 386
434 , 386
435 , 387
436 , 386
438 , 386
437 , 384
438 , 383
439 , 384
440 , 384
441 , 385
442 , 385
443 , 385
444 , 385
445 , 385
446 , 385
447 , 384
448 , 384
449 , 385
450 , 384
451 , 386
452 , 386
453 , 386
454 , 385
455 , 386
456 , 387
457 , 386
458 , 387
459 , 386
460 , 385
461 , 386
462 , 386
463 , 385
464 , 386
465 , 387
466 , 385
467 , 386
468 , 386
469 , 387
470 , 385
471 , 384
472 , 386
473 , 386
474 , 385
476 , 385
477 , 385
475 , 383
477 , 382
478 , 382
479 , 383
480 , 382
481 , 383
482 , 383
484 , 382
483 , 380
482 , 380
484 , 379
485 , 380
486 , 380
487 , 379
488 , 378
489 , 378
490 , 378
491 , 377
492 , 378
493 , 376
494 , 376
495 , 375
496 , 374
497 , 375
498 , 373
499 , 373
500 , 373
501 , 373
502 , 372
503 , 371
504 , 370
505 , 371
507 , 371
506 , 369
507 , 368
508 , 368
509 , 368
510 , 370
511 , 369
512 , 369
513 , 369
514 , 368
515 , 369
516 , 368
517 , 369
518 , 370
519 , 370
520 , 369
520 , 372
521 , 372
522 , 373
521 , 375
520 , 375
522 , 376
523 , 376
521 , 378
522 , 379
523 , 379
521 , 381
522 , 382
523 , 382
521 , 384
520 , 385
522 , 385
521 , 387
520 , 388
522 , 388
521 , 390
520 , 391
519 , 390
519 , 393
520 , 394
521 , 393
519 , 396
518 , 396
520 , 397
519 , 399
518 , 399
517 , 400
518 , 402
519 , 402
517 , 403
516 , 404
517 , 406
516 , 407
515 , 409
516 , 410
517 , 409
515 , 412
514 , 412
516 , 413
515 , 415
514 , 415
514 , 418
513 , 418
515 , 418
515 , 421
514 , 421
513 , 421
513 , 424
512 , 424
514 , 424
513 , 427
512 , 427
511 , 427
509 , 429
508 , 430
510 , 430
511 , 430
509 , 432
508 , 433
507 , 434
506 , 433
506 , 436
505 , 436
504 , 436
504 , 439
503 , 439
505 , 439
505 , 442
504 , 442
503 , 442
504 , 445
505 , 445
506 , 446
505 , 448
504 , 448
503 , 448
503 , 451
502 , 451
501 , 452
500 , 452
499 , 452
498 , 451
496 , 451
495 , 452
494 , 452
493 , 453
492 , 454
491 , 453
490 , 454
489 , 455
488 , 455
487 , 457
486 , 458
485 , 459
486 , 461
485 , 462
484 , 463
483 , 464
484 , 466
483 , 467
484 , 469
483 , 470
484 , 472
485 , 472
483 , 473
484 , 475
485 , 475
483 , 476
484 , 478
485 , 478
483 , 479
484 , 481
485 , 481
486 , 482
485 , 484
484 , 484
483 , 482
486 , 485
485 , 487
486 , 488
487 , 488
488 , 490
489 , 490
490 , 491
491 , 492
489 , 493
488 , 493
487 , 491
490 , 494
491 , 495
492 , 495
493 , 495
494 , 494
495 , 496
494 , 497
496 , 495
498 , 495
499 , 495
500 , 495
501 , 494
502 , 494
503 , 494
504 , 495
506 , 493
505 , 492
507 , 491
508 , 490
509 , 489
510 , 489
511 , 488
510 , 486
511 , 485
512 , 484
513 , 484
514 , 483
513 , 481
512 , 481
514 , 480
515 , 481
515 , 478
516 , 476
517 , 477
517 , 474
518 , 474
519 , 473
518 , 471
517 , 471
516 , 473
519 , 470
520 , 471
520 , 468
521 , 466
522 , 465
523 , 465
524 , 463
525 , 462
526 , 463
526 , 460
527 , 460
528 , 459
529 , 457
528 , 456
530 , 455
531 , 454
532 , 452
531 , 451
533 , 451
532 , 449
531 , 448
533 , 448
534 , 447
532 , 446
533 , 445
534 , 444
532 , 443
533 , 442
534 , 441
532 , 440
533 , 439
534 , 438
532 , 437
533 , 436
534 , 435
532 , 434
533 , 433
534 , 432
532 , 431
533 , 430
534 , 429
532 , 428
533 , 427
534 , 426
535 , 427
535 , 424
534 , 423
533 , 424
533 , 421
534 , 420
535 , 421
535 , 418
536 , 418
534 , 417
535 , 415
536 , 415
534 , 414
535 , 412
536 , 412
537 , 411
536 , 409
535 , 409
537 , 408
536 , 406
537 , 405
538 , 405
536 , 403
537 , 402
538 , 402
539 , 400
538 , 399
537 , 399
539 , 397
538 , 396
537 , 396
539 , 394
538 , 393
539 , 391
538 , 390
539 , 388
540 , 389
540 , 386
541 , 386
539 , 385
540 , 383
541 , 383
539 , 382
540 , 380
541 , 380
542 , 380
542 , 377
541 , 377
540 , 377
540 , 374
541 , 374
542 , 374
542 , 371
541 , 371
543 , 371
543 , 368
542 , 368
541 , 368
541 , 365
542 , 365
543 , 365
543 , 362
542 , 362
541 , 362
541 , 359
542 , 359
543 , 359
543 , 356
542 , 356
541 , 356
541 , 353
542 , 353
543 , 353
542 , 350
541 , 350
540 , 351
540 , 348
539 , 348
538 , 346
539 , 345
540 , 345
541 , 347
537 , 344
536 , 343
538 , 343
539 , 342
537 , 341
536 , 340
535 , 341
534 , 339
533 , 339
532 , 337
531 , 337
530 , 338
529 , 337
527 , 336
526 , 335
525 , 335
524 , 335
523 , 334
522 , 335
521 , 336
519 , 336
518 , 336
517 , 335
516 , 334
515 , 335
514 , 334
513 , 335
512 , 335
511 , 335
510 , 335
509 , 333
508 , 333
507 , 333
506 , 333
504 , 334
503 , 334
502 , 335
501 , 335
500 , 335
499 , 334
498 , 334
497 , 335
496 , 334
495 , 334
494 , 335
493 , 334
492 , 333
491 , 334
490 , 335
489 , 334
488 , 334
487 , 335
486 , 336
485 , 335
484 , 334
483 , 334
482 , 334
480 , 335
479 , 336
478 , 335
477 , 335
475 , 336
476 , 337
474 , 338
473 , 338
472 , 339
470 , 339
469 , 340
468 , 340
467 , 339
466 , 337
465 , 336
467 , 336
468 , 337
471 , 337
467 , 333
466 , 334
465 , 333
466 , 331
465 , 330
467 , 330
466 , 328
465 , 327
464 , 327
466 , 325
465 , 324
464 , 324
466 , 322
465 , 321
464 , 321
466 , 319
465 , 318
464 , 318
466 , 316
465 , 315
464 , 315
466 , 313
465 , 312
464 , 312
466 , 310
465 , 309
464 , 309
466 , 307
465 , 306
464 , 306
466 , 304
465 , 303
464 , 303
466 , 301
465 , 300
464 , 300
466 , 298
465 , 297
464 , 297
466 , 295
465 , 294
464 , 294
466 , 292
465 , 291
464 , 291
466 , 289
465 , 288
464 , 288
466 , 286
465 , 285
464 , 285
466 , 283
465 , 282
464 , 282
463 , 282
463 , 279
464 , 279
465 , 279
465 , 276
464 , 276
463 , 276
463 , 273
464 , 273
465 , 273
465 , 270
464 , 270
463 , 270
463 , 267
464 , 267
462 , 266
463 , 264
464 , 264
462 , 263
463 , 261
464 , 261
462 , 260
461 , 258
462 , 257
463 , 258
463 , 255
462 , 254
461 , 255
461 , 252
460 , 251
462 , 251
461 , 249
460 , 248
459 , 247
460 , 245
459 , 244
458 , 244
460 , 242
459 , 241
458 , 241
457 , 239
458 , 238
459 , 238
457 , 236
456 , 237
458 , 235
456 , 234
455 , 233
457 , 233
456 , 231
455 , 230
454 , 231
453 , 229
454 , 228
455 , 227
453 , 226
452 , 227
454 , 225
452 , 224
451 , 224
453 , 223
452 , 221
451 , 221
450 , 220
451 , 218
452 , 218
450 , 217
451 , 215
452 , 215
453 , 214
454 , 213
455 , 212
456 , 211
457 , 210
458 , 209
459 , 209
460 , 209
461 , 208
460 , 206
461 , 205
462 , 205
463 , 205
464 , 204
465 , 203
464 , 201
465 , 200
466 , 201
467 , 199
466 , 198
467 , 196
468 , 197
469 , 197
469 , 194
468 , 194
470 , 194
470 , 191
469 , 191
468 , 191
469 , 188
470 , 188
470 , 185
469 , 185
469 , 182
470 , 182
468 , 181
469 , 179
470 , 179
468 , 178
469 , 176
470 , 176
468 , 175
469 , 173
470 , 173
468 , 172
469 , 170
470 , 170
468 , 169
469 , 167
470 , 167
468 , 166
469 , 164
470 , 164
471 , 164
471 , 161
470 , 161
469 , 161
470 , 158
471 , 158
472 , 157
471 , 155
470 , 155
472 , 154
473 , 154
471 , 152
472 , 151
473 , 151
473 , 148
472 , 148
474 , 148
475 , 146
474 , 145
473 , 145
475 , 143
476 , 143
474 , 142
475 , 140
476 , 140
477 , 140
477 , 137
476 , 137
478 , 135
477 , 134
476 , 134
478 , 132
477 , 131
478 , 129
479 , 130
479 , 127
480 , 127
478 , 126
479 , 124
480 , 124
481 , 123
480 , 121
479 , 121
481 , 120
480 , 118
479 , 118
481 , 117
480 , 115
479 , 115
481 , 114
480 , 112
479 , 112
481 , 111
480 , 109
479 , 109
481 , 108
480 , 106
479 , 106
478 , 106
478 , 103
479 , 103
480 , 103
479 , 100
478 , 100
477 , 101
477 , 98
478 , 97
477 , 95
476 , 95
478 , 93
477 , 92
476 , 92
478 , 90
477 , 89
479 , 92
480 , 92
481 , 93
482 , 94
483 , 96
484 , 98
485 , 98
486 , 100
485 , 101
487 , 101
488 , 101
489 , 102
488 , 104
487 , 104
486 , 103
489 , 105
490 , 104
491 , 105
490 , 107
491 , 108
492 , 109
493 , 108
494 , 109
495 , 108
496 , 108
497 , 108
498 , 107
497 , 105
498 , 104
499 , 103
497 , 102
498 , 101
499 , 100
497 , 99
498 , 98
499 , 97
497 , 96
498 , 95
499 , 94
497 , 93
498 , 92
499 , 91
497 , 90
498 , 89
497 , 87
496 , 87
498 , 86
497 , 84
496 , 84
498 , 83
497 , 81
496 , 81
495 , 81
494 , 79
495 , 78
496 , 78
494 , 76
493 , 77
492 , 76
493 , 74
492 , 73
491 , 71
492 , 70
493 , 69
494 , 70
495 , 70
496 , 68
497 , 69
498 , 68
499 , 70
500 , 69
501 , 68
502 , 67
503 , 68
504 , 69
505 , 68
506 , 66
507 , 65
508 , 63
509 , 63
507 , 62
506 , 61
505 , 62
504 , 62
503 , 61
501 , 59
500 , 60
499 , 60
499 , 57
500 , 57
502 , 55
503 , 54
504 , 55
505 , 55
506 , 54
507 , 55
509 , 55
508 , 57
510 , 58
509 , 60
510 , 61
511 , 60
512 , 60
513 , 60
514 , 59
515 , 59
516 , 60
517 , 58
518 , 59
520 , 57
521 , 57
522 , 56
523 , 54
524 , 53
525 , 52
524 , 50
525 , 49
526 , 50
527 , 49
528 , 48
529 , 49
530 , 47
531 , 48
532 , 47
533 , 48
534 , 48
536 , 46
537 , 46
538 , 46
538 , 43
539 , 43
540 , 41
539 , 40
538 , 40
537 , 41
536 , 40
534 , 40
533 , 40
532 , 38
533 , 37
532 , 35
533 , 34
534 , 34
535 , 33
534 , 31
533 , 31
532 , 32
531 , 32
530 , 31
528 , 32
529 , 33
527 , 35
526 , 36
525 , 37
523 , 38
521 , 37
522 , 36
523 , 35
524 , 35
525 , 34
526 , 33
520 , 39
519 , 39
518 , 40
517 , 39
516 , 41
515 , 42
514 , 42
513 , 42
512 , 44
511 , 44
510 , 43
509 , 44
508 , 44
506 , 46
507 , 47
508 , 47
510 , 46
513 , 45
514 , 45
515 , 45
516 , 44
517 , 42
518 , 43
521 , 43
522 , 43
523 , 45
524 , 44
525 , 46
526 , 47
522 , 50
521 , 50
520 , 49
519 , 48
517 , 49
516 , 49
515 , 48
518 , 50
519 , 56
517 , 65
515 , 67
514 , 67
513 , 69
512 , 70
511 , 70
510 , 71
505 , 77
504 , 77
503 , 77
502 , 79
501 , 79
502 , 70
491 , 68
490 , 69
489 , 68
488 , 67
487 , 68
486 , 69
484 , 68
483 , 68
482 , 67
481 , 66
480 , 65
481 , 63
482 , 64
483 , 63
484 , 61
486 , 59
487 , 59
489 , 59
490 , 60
488 , 61
487 , 62
489 , 62
488 , 64
489 , 65
485 , 67
485 , 58
486 , 56
487 , 54
486 , 53
488 , 53
487 , 51
488 , 50
489 , 50
487 , 48
488 , 47
489 , 47
489 , 44
488 , 44
490 , 44
490 , 41
489 , 41
488 , 41
488 , 38
489 , 38
490 , 38
490 , 35
489 , 35
488 , 35
488 , 32
489 , 32
487 , 31
488 , 29
489 , 29
487 , 28
488 , 26
487 , 25
486 , 24
487 , 22
486 , 21
485 , 21
484 , 22
483 , 22
482 , 21
481 , 22
480 , 24
481 , 25
482 , 24
480 , 27
479 , 27
481 , 28
480 , 30
479 , 30
478 , 32
479 , 33
480 , 33
478 , 35
477 , 34
479 , 36
477 , 37
476 , 38
478 , 38
477 , 40
476 , 41
475 , 40
475 , 43
474 , 44
473 , 45
472 , 46
471 , 48
472 , 49
473 , 48
474 , 47
475 , 46
476 , 44
471 , 51
470 , 51
469 , 50
468 , 52
467 , 52
466 , 53
465 , 53
464 , 53
462 , 54
461 , 53
460 , 53
458 , 53
457 , 52
456 , 52
455 , 53
454 , 52
453 , 52
452 , 52
451 , 50
452 , 49
453 , 49
451 , 47
452 , 46
453 , 46
451 , 44
452 , 43
453 , 43
451 , 41
452 , 40
453 , 40
451 , 38
452 , 37
453 , 37
453 , 34
452 , 34
454 , 34
454 , 31
453 , 31
452 , 31
452 , 28
453 , 28
454 , 28
454 , 25
453 , 25
452 , 25
452 , 22
453 , 22
454 , 22
454 , 19
453 , 19
452 , 19
452 , 16
453 , 16
454 , 16
453 , 13
452 , 13
451 , 13
451 , 10
450 , 10
449 , 10
447 , 10
448 , 12
447 , 13
446 , 13
445 , 12
444 , 14
443 , 15
445 , 15
444 , 17
443 , 18
442 , 17
441 , 19
440 , 20
442 , 20
441 , 22
440 , 23
439 , 22
438 , 23
439 , 25
438 , 26
437 , 26
436 , 27
437 , 29
436 , 30
435 , 31
434 , 32
433 , 34
434 , 35
435 , 34
436 , 33
432 , 36
433 , 37
434 , 38
432 , 39
431 , 40
433 , 40
432 , 42
431 , 43
430 , 43
429 , 43
428 , 43
427 , 43
426 , 44
425 , 42
424 , 41
423 , 41
422 , 41
421 , 41
420 , 41
418 , 40
417 , 38
416 , 38
414 , 39
413 , 40
412 , 40
411 , 39
410 , 38
409 , 38
408 , 39
407 , 38
406 , 38
404 , 38
403 , 39
401 , 40
400 , 39
399 , 39
397 , 41
398 , 42
399 , 42
396 , 43
395 , 42
394 , 42
393 , 44
394 , 45
392 , 46
391 , 45
390 , 45
388 , 46
387 , 45
386 , 44
384 , 45
385 , 46
386 , 47
389 , 47
383 , 43
382 , 44
381 , 43
380 , 42
379 , 41
378 , 42
377 , 41
375 , 41
374 , 40
373 , 39
372 , 38
371 , 38
370 , 37
369 , 37
368 , 36
367 , 37
366 , 37
365 , 38
364 , 37
365 , 35
366 , 34
367 , 34
366 , 40
365 , 41
364 , 40
366 , 43
367 , 44
366 , 46
367 , 47
368 , 46
369 , 48
368 , 49
369 , 51
370 , 51
371 , 53
370 , 54
371 , 56
372 , 55
372 , 58
373 , 58
371 , 59
372 , 61
371 , 62
370 , 62
369 , 63
368 , 64
367 , 64
365 , 64
364 , 65
363 , 64
361 , 65
360 , 66
359 , 67
358 , 68
357 , 67
356 , 66
355 , 67
354 , 67
353 , 67
352 , 66
350 , 67
349 , 67
348 , 67
347 , 67
346 , 67
345 , 67
344 , 68
343 , 67
342 , 68
340 , 69
339 , 70
337 , 70
336 , 69
338 , 68
341 , 70
342 , 77
343 , 78
344 , 79
345 , 78
346 , 78
347 , 78
348 , 78
349 , 79
350 , 79
352 , 79
353 , 80
354 , 80
355 , 80
356 , 79
357 , 81
358 , 82
359 , 82
357 , 84
356 , 85
358 , 85
355 , 87
354 , 87
353 , 88
352 , 87
350 , 89
349 , 89
351 , 90
352 , 90
349 , 92
348 , 92
347 , 91
346 , 91
345 , 92
343 , 93
344 , 94
345 , 95
346 , 94
343 , 96
342 , 96
341 , 97
340 , 97
339 , 98
338 , 97
338 , 100
337 , 100
336 , 100
335 , 101
334 , 103
335 , 104
336 , 103
336 , 106
335 , 107
334 , 106
334 , 109
335 , 110
336 , 109
336 , 112
335 , 113
334 , 112
336 , 115
337 , 115
335 , 116
336 , 118
337 , 118
335 , 119
336 , 121
337 , 121
335 , 122
334 , 123
333 , 125
334 , 126
335 , 125
336 , 124
332 , 127
331 , 127
330 , 128
328 , 129
327 , 130
328 , 132
327 , 133
326 , 133
325 , 133
324 , 134
325 , 136
326 , 136
324 , 137
325 , 139
326 , 140
327 , 142
328 , 143
329 , 143
330 , 145
331 , 146
332 , 147
333 , 147
334 , 147
335 , 148
334 , 150
333 , 151
335 , 151
334 , 153
333 , 154
332 , 155
331 , 155
330 , 155
329 , 155
328 , 156
327 , 157
326 , 156
325 , 157
324 , 157
322 , 159
321 , 158
320 , 160
319 , 160
318 , 162
317 , 162
316 , 163
315 , 164
314 , 163
313 , 164
312 , 164
311 , 164
311 , 167
310 , 167
312 , 167
311 , 170
310 , 170
309 , 169
309 , 172
310 , 173
311 , 173
309 , 175
310 , 176
311 , 176
309 , 178
310 , 179
308 , 180
307 , 181
309 , 181
308 , 183
307 , 184
306 , 185
305 , 187
304 , 187
303 , 188
304 , 190
305 , 190
303 , 191
302 , 192
301 , 191
301 , 194
300 , 194
299 , 194
298 , 195
297 , 196
296 , 198
297 , 199
298 , 198
299 , 197
295 , 200
294 , 200
293 , 201
292 , 201
292 , 204
291 , 204
290 , 204
289 , 204
288 , 206
287 , 207
289 , 207
286 , 209
285 , 209
284 , 209
283 , 210
284 , 212
283 , 213
282 , 213
281 , 212
281 , 215
280 , 215
279 , 216
278 , 217
279 , 219
280 , 218
281 , 218
282 , 219
283 , 220
285 , 217
286 , 218
287 , 217
288 , 216
289 , 218
290 , 218
291 , 216
290 , 215
292 , 217
293 , 217
295 , 215
294 , 214
293 , 214
296 , 214
297 , 216
298 , 215
299 , 215
300 , 214
301 , 215
302 , 214
303 , 215
302 , 217
303 , 218
304 , 218
304 , 221
303 , 221
303 , 224
304 , 224
305 , 224
304 , 227
303 , 227
302 , 228
303 , 230
304 , 230
302 , 231
303 , 233
304 , 233
302 , 234
301 , 236
302 , 237
303 , 236
301 , 239
300 , 239
300 , 242
299 , 242
298 , 243
297 , 243
296 , 244
295 , 242
294 , 241
296 , 241
301 , 242
302 , 242
303 , 242
304 , 242
305 , 241
307 , 241
308 , 241
310 , 240
309 , 238
308 , 238
310 , 237
311 , 238
312 , 236
313 , 236
311 , 235
312 , 233
313 , 233
314 , 233
314 , 230
313 , 230
315 , 229
314 , 227
313 , 227
315 , 226
314 , 224
315 , 223
314 , 221
315 , 220
316 , 221
316 , 218
315 , 217
314 , 218
314 , 215
315 , 214
316 , 215
316 , 212
315 , 211
317 , 211
316 , 209
315 , 208
317 , 208
316 , 206
315 , 205
317 , 205
316 , 203
317 , 202
316 , 200
317 , 199
318 , 200
318 , 197
317 , 196
316 , 197
318 , 194
317 , 193
318 , 191
319 , 192
319 , 189
320 , 189
321 , 187
320 , 186
319 , 186
321 , 184
320 , 183
322 , 183
321 , 181
322 , 180
323 , 180
323 , 177
322 , 177
324 , 176
325 , 176
326 , 175
325 , 173
324 , 173
326 , 172
327 , 172
328 , 173
329 , 172
328 , 170
329 , 169
330 , 170
331 , 169
332 , 169
333 , 169
334 , 167
335 , 166
336 , 166
337 , 166
338 , 165
339 , 163
340 , 163
341 , 163
342 , 161
341 , 160
343 , 159
344 , 158
345 , 156
344 , 155
346 , 155
345 , 153
346 , 152
347 , 152
345 , 150
346 , 149
347 , 149
345 , 147
346 , 146
347 , 146
345 , 144
346 , 143
344 , 142
343 , 141
342 , 140
343 , 138
342 , 137
341 , 137
340 , 138
340 , 135
341 , 134
340 , 132
341 , 131
342 , 132
342 , 129
343 , 129
344 , 127
345 , 127
346 , 126
347 , 126
348 , 124
347 , 123
348 , 121
349 , 122
350 , 121
349 , 119
350 , 118
351 , 118
349 , 116
350 , 115
351 , 115
349 , 113
350 , 112
351 , 112
349 , 110
350 , 109
349 , 107
348 , 106
350 , 106
349 , 104
350 , 103
351 , 102
350 , 100
351 , 99
352 , 99
353 , 97
354 , 96
355 , 96
357 , 96
356 , 94
357 , 93
358 , 94
359 , 92
360 , 92
361 , 93
361 , 90
362 , 90
363 , 90
364 , 90
364 , 87
365 , 87
366 , 87
367 , 85
366 , 84
365 , 84
367 , 82
366 , 81
368 , 81
367 , 79
366 , 78
368 , 78
367 , 76
366 , 75
368 , 75
367 , 73
368 , 72
369 , 71
370 , 70
371 , 71
372 , 71
373 , 70
376 , 70
377 , 71
378 , 71
379 , 70
380 , 70
381 , 71
382 , 71
383 , 70
384 , 71
385 , 72
386 , 73
387 , 71
388 , 72
389 , 73
390 , 72
391 , 73
392 , 74
393 , 74
394 , 75
395 , 74
396 , 76
397 , 75
398 , 77
399 , 78
400 , 77
401 , 79
400 , 80
402 , 81
403 , 81
404 , 81
404 , 84
405 , 84
406 , 84
407 , 86
406 , 87
405 , 87
407 , 89
406 , 90
408 , 90
407 , 92
408 , 93
407 , 95
408 , 96
407 , 98
408 , 99
406 , 100
407 , 101
408 , 102
406 , 103
407 , 104
406 , 106
407 , 107
405 , 108
406 , 109
404 , 110
405 , 111
403 , 112
404 , 113
405 , 114
403 , 115
402 , 116
404 , 116
403 , 118
402 , 119
404 , 119
403 , 121
402 , 122
403 , 124
402 , 125
403 , 127
402 , 128
403 , 130
404 , 129
404 , 126
404 , 132
405 , 132
406 , 133
405 , 135
406 , 136
407 , 136
408 , 137
409 , 138
407 , 139
408 , 140
409 , 141
410 , 140
411 , 142
410 , 143
411 , 145
412 , 144
413 , 146
414 , 146
415 , 148
416 , 147
417 , 149
416 , 150
417 , 152
418 , 152
419 , 151
419 , 154
420 , 154
421 , 155
422 , 156
423 , 157
424 , 158
422 , 159
423 , 160
424 , 161
425 , 160
425 , 163
424 , 164
426 , 164
425 , 166
426 , 167
427 , 166
427 , 169
426 , 170
427 , 172
428 , 172
426 , 173
427 , 175
428 , 175
428 , 178
427 , 178
429 , 178
429 , 181
428 , 181
430 , 182
429 , 184
428 , 184
430 , 185
429 , 187
430 , 188
429 , 190
430 , 191
431 , 190
431 , 193
430 , 194
429 , 193
431 , 196
430 , 197
431 , 199
432 , 198
432 , 201
431 , 202
433 , 202
432 , 204
433 , 205
434 , 206
435 , 206
437 , 208
438 , 208
436 , 209
439 , 210
440 , 210
441 , 212
442 , 212
443 , 213
444 , 213
445 , 213
446 , 213
449 , 213
450 , 213
456 , 214
457 , 213
458 , 212
459 , 212
462 , 212
463 , 212
464 , 212
465 , 211
466 , 210
467 , 208
468 , 207
469 , 208
470 , 206
471 , 204
472 , 204
473 , 202
472 , 201
473 , 199
474 , 199
474 , 196
475 , 195
474 , 193
475 , 192
476 , 190
475 , 189
476 , 187
475 , 186
476 , 184
475 , 183
476 , 181
475 , 180
476 , 178
475 , 177
476 , 175
475 , 174
476 , 172
475 , 171
476 , 169
475 , 168
476 , 166
475 , 165
476 , 163
476 , 160
477 , 159
477 , 156
478 , 154
479 , 152
478 , 151
479 , 149
480 , 146
480 , 143
481 , 142
479 , 133
494 , 116
493 , 115
495 , 115
496 , 115
497 , 116
498 , 115
499 , 114
500 , 114
492 , 57
491 , 57
490 , 57
493 , 55
494 , 55
495 , 55
496 , 53
497 , 53
498 , 54
499 , 54
500 , 54
499 , 51
498 , 51
500 , 50
501 , 50
502 , 48
503 , 48
504 , 48
505 , 48
535 , 45
541 , 40
542 , 41
543 , 40
545 , 40
544 , 38
542 , 38
541 , 37
540 , 38
540 , 35
539 , 34
538 , 32
537 , 32
536 , 31
535 , 30
536 , 28
537 , 27
538 , 26
539 , 25
540 , 27
541 , 27
539 , 28
541 , 24
542 , 24
543 , 25
545 , 25
544 , 23
545 , 22
546 , 23
547 , 21
548 , 22
549 , 21
550 , 21
551 , 22
552 , 23
553 , 22
554 , 23
555 , 23
554 , 20
553 , 19
552 , 20
551 , 19
554 , 17
555 , 17
556 , 18
556 , 15
557 , 15
558 , 15
559 , 14
560 , 13
561 , 15
562 , 14
563 , 15
564 , 15
565 , 14
566 , 15
567 , 15
568 , 16
569 , 15
570 , 15
571 , 15
572 , 16
573 , 16
575 , 15
574 , 13
575 , 12
576 , 12
577 , 10
578 , 10
579 , 10
580 , 10
581 , 8
582 , 8
580 , 7
579 , 7
578 , 7
577 , 7
576 , 7
575 , 5
577 , 4
578 , 4
579 , 4
580 , 4
581 , 5
583 , 3
582 , 2
584 , 1
585 , 1
586 , 1
587 , 3
586 , 4
585 , 4
584 , 4
573 , 8
572 , 7
571 , 7
570 , 7
569 , 8
568 , 10
567 , 12
566 , 12
565 , 11
564 , 12
563 , 12
568 , 13
565 , 17
566 , 18
567 , 18
565 , 20
566 , 21
564 , 22
565 , 23
563 , 24
562 , 24
560 , 25
559 , 26
558 , 27
557 , 28
556 , 28
555 , 28
554 , 29
553 , 29
552 , 30
551 , 29
550 , 28
551 , 32
552 , 33
551 , 35
550 , 35
549 , 35
547 , 36
548 , 37
549 , 38
547 , 39
546 , 38
560 , 28
561 , 26
484 , 19
483 , 19
469 , 53
463 , 55
459 , 55
429 , 46
428 , 46
420 , 38
419 , 38
415 , 40
405 , 40
402 , 41
376 , 39
375 , 38
374 , 37
366 , 66
363 , 67
362 , 66
358 , 65
351 , 68
351 , 81
348 , 81
342 , 80
341 , 79
340 , 78
339 , 79
337 , 78
336 , 77
335 , 76
334 , 75
333 , 76
332 , 76
331 , 74
330 , 73
329 , 74
329 , 71
330 , 70
331 , 71
332 , 71
333 , 70
338 , 77
333 , 128
331 , 130
330 , 131
329 , 131
332 , 144
344 , 139
345 , 141
323 , 160
321 , 161
315 , 161
307 , 187
306 , 188
258 , 233
254 , 232
246 , 232
243 , 235
237 , 233
221 , 241
130 , 369
129 , 369
128 , 368
128 , 371
129 , 372
130 , 372
131 , 373
132 , 374
130 , 375
131 , 376
132 , 377
133 , 378
131 , 379
132 , 380
133 , 381
134 , 381
135 , 382
136 , 383
134 , 384
135 , 385
136 , 386
137 , 387
136 , 389
137 , 390
138 , 389
139 , 390
138 , 392
139 , 393
140 , 394
138 , 395
139 , 396
140 , 397
141 , 397
142 , 399
141 , 400
140 , 400
139 , 399
140 , 403
141 , 403
142 , 402
142 , 405
141 , 406
142 , 408
141 , 409
142 , 411
141 , 412
140 , 413
141 , 415
140 , 416
141 , 418
140 , 419
141 , 421
140 , 422
139 , 422
141 , 424
140 , 425
139 , 425
138 , 427
137 , 428
139 , 428
138 , 430
137 , 431
139 , 431
138 , 433
137 , 434
136 , 433
135 , 434
136 , 436
135 , 437
134 , 438
135 , 440
134 , 441
133 , 441
135 , 443
134 , 444
133 , 444
132 , 445
133 , 447
132 , 448
131 , 449
130 , 451
131 , 452
132 , 451
129 , 453
130 , 454
131 , 455
129 , 456
130 , 457
128 , 458
129 , 459
127 , 460
128 , 461
129 , 462
127 , 463
126 , 463
128 , 464
127 , 466
126 , 466
125 , 468
126 , 469
127 , 469
125 , 471
124 , 470
126 , 472
124 , 473
125 , 474
123 , 475
124 , 476
125 , 477
123 , 478
124 , 479
147 , 478
147 , 475
155 , 452
173 , 450
208 , 465
194 , 486
172 , 502
163 , 499
185 , 518
186 , 519
187 , 520
188 , 521
189 , 520
190 , 520
189 , 523
188 , 524
187 , 523
186 , 522
185 , 522
185 , 525
186 , 525
187 , 526
181 , 530
185 , 546
186 , 546
185 , 549
185 , 552
186 , 553
185 , 555
186 , 556
186 , 559
186 , 562
186 , 565
186 , 568
186 , 571
186 , 574
186 , 577
186 , 580
189 , 595
189 , 618
190 , 620
120 , 602
119 , 601
118 , 602
117 , 603
118 , 605
117 , 606
116 , 606
115 , 607
116 , 609
117 , 609
115 , 610
114 , 610
113 , 612
112 , 613
114 , 613
113 , 615
112 , 616
111 , 615
110 , 615
109 , 617
108 , 618
107 , 617
106 , 618
104 , 619
105 , 620
106 , 621
107 , 620
104 , 622
103 , 621
102 , 621
101 , 622
100 , 623
99 , 622
98 , 623
97 , 623
95 , 624
94 , 623
93 , 624
92 , 625
91 , 625
90 , 625
89 , 626
88 , 627
87 , 626
86 , 625
84 , 626
83 , 625
81 , 626
80 , 625
78 , 626
77 , 626
76 , 627
75 , 627
74 , 625
73 , 625
72 , 625
71 , 626
70 , 624
69 , 624
68 , 624
67 , 624
66 , 623
65 , 624
64 , 623
65 , 621
64 , 620
63 , 620
62 , 620
61 , 621
60 , 619
59 , 619
57 , 618
56 , 617
58 , 617
57 , 615
55 , 615
54 , 615
52 , 614
51 , 614
50 , 614
49 , 614
49 , 611
48 , 611
47 , 611
46 , 611
44 , 612
43 , 613
42 , 612
41 , 611
40 , 611
39 , 611
37 , 612
36 , 613
35 , 613
34 , 613
33 , 613
32 , 613
31 , 613
30 , 615
29 , 615
28 , 616
27 , 617
26 , 617
25 , 617
24 , 618
23 , 618
25 , 620
24 , 621
23 , 621
22 , 621
21 , 621
20 , 621
20 , 624
19 , 624
18 , 624
17 , 624
16 , 625
15 , 626
14 , 627
13 , 628
12 , 629
11 , 630
13 , 631
14 , 630
15 , 629
16 , 628
17 , 627
9 , 632
8 , 633
31 , 616
38 , 613
45 , 613
53 , 613
61 , 618
53 , 601
59 , 595
62 , 594
65 , 590
66 , 589
69 , 596
71 , 596
72 , 595
74 , 596
75 , 597
76 , 597
77 , 596
78 , 596
79 , 597
80 , 595
81 , 596
82 , 596
84 , 595
85 , 596
86 , 594
87 , 594
88 , 593
90 , 593
91 , 593
92 , 592
93 , 592
94 , 591
95 , 591
96 , 589
89 , 595
88 , 606
96 , 625
94 , 626
85 , 627
82 , 627
79 , 627
110 , 618
119 , 604
120 , 599
119 , 598
121 , 598
120 , 596
121 , 595
120 , 593
121 , 592
122 , 592
120 , 590
121 , 589
122 , 589
120 , 587
121 , 586
122 , 586
120 , 584
121 , 583
122 , 583
120 , 581
119 , 582
121 , 580
119 , 579
118 , 578
120 , 578
119 , 576
118 , 575
120 , 575
119 , 573
118 , 572
117 , 572
119 , 570
118 , 569
117 , 569
119 , 567
118 , 566
117 , 566
116 , 566
117 , 563
118 , 563
119 , 564
119 , 561
118 , 560
117 , 560
113 , 569
112 , 571
111 , 571
111 , 574
110 , 574
109 , 574
108 , 575
107 , 577
106 , 578
108 , 578
109 , 577
58 , 576
57 , 578
43 , 592
42 , 591
41 , 591
40 , 591
38 , 593
37 , 593
36 , 594
35 , 594
34 , 594
33 , 594
31 , 596
30 , 596
27 , 601
61 , 510
66 , 509
68 , 508
70 , 507
77 , 505
81 , 499
99 , 507
136 , 439
137 , 437
142 , 417
142 , 414
143 , 410
143 , 407
62 , 411
61 , 412
57 , 433
277 , 426
328 , 443
343 , 418
341 , 483
312 , 492
314 , 503
315 , 504
315 , 507
316 , 509
321 , 532
326 , 541
342 , 567
344 , 569
345 , 569
350 , 574
351 , 575
353 , 578
355 , 583
368 , 590
369 , 591
370 , 592
371 , 594
372 , 595
373 , 595
374 , 596
375 , 598
377 , 628
376 , 629
462 , 598
454 , 579
481 , 531
448 , 495
456 , 461
457 , 460
458 , 459
457 , 457
456 , 457
458 , 456
457 , 454
456 , 454
455 , 454
454 , 452
458 , 453
450 , 431
449 , 430
412 , 434
435 , 384
492 , 375
518 , 405
540 , 392
535 , 338
530 , 335
528 , 335
520 , 334
519 , 333
518 , 333
505 , 335
486 , 333
481 , 336
467 , 327
461 , 246
504 , 451
497 , 453
488 , 458
487 , 460
485 , 465
485 , 468
530 , 458
531 , 457
284 , 484