0 , 638
1 , 639
0 , 640
2 , 640
3 , 639
2 , 638
4 , 638
5 , 639
4 , 640
6 , 640
7 , 639
8 , 639
9 , 639
10 , 638
9 , 637
8 , 637
6 , 638
10 , 640
11 , 639
12 , 639
13 , 639
14 , 638
13 , 637
12 , 637
11 , 637
15 , 637
16 , 638
15 , 639
14 , 640
16 , 640
17 , 639
18 , 638
17 , 637
19 , 637
20 , 637
21 , 637
22 , 637
23 , 638
24 , 638
25 , 637
26 , 637
27 , 637
28 , 637
29 , 637
30 , 637
31 , 638
30 , 639
29 , 639
28 , 639
27 , 639
26 , 639
25 , 639
24 , 640
23 , 640
22 , 639
21 , 639
20 , 639
19 , 639
18 , 640
32 , 639
33 , 638
32 , 637
34 , 637
35 , 637
36 , 637
37 , 637
38 , 636
39 , 637
38 , 638
37 , 639
36 , 639
35 , 639
34 , 639
39 , 639
40 , 638
41 , 637
42 , 637
43 , 637
44 , 637
45 , 637
46 , 637
47 , 637
48 , 637
49 , 637
50 , 637
51 , 637
52 , 636
53 , 637
54 , 637
55 , 637
56 , 636
57 , 636
58 , 636
59 , 636
60 , 635
61 , 636
60 , 637
59 , 638
58 , 638
57 , 638
56 , 638
53 , 639
52 , 638
51 , 639
50 , 639
49 , 639
48 , 639
47 , 639
46 , 639
45 , 639
44 , 639
43 , 639
42 , 639
41 , 639
40 , 636
55 , 635
61 , 638
62 , 637
63 , 636
62 , 635
64 , 635
65 , 636
64 , 637
63 , 638
65 , 638
66 , 637
67 , 636
66 , 635
68 , 635
69 , 635
70 , 634
71 , 634
72 , 634
73 , 634
74 , 634
75 , 634
76 , 635
75 , 636
74 , 636
73 , 636
72 , 636
71 , 636
70 , 636
69 , 637
68 , 637
76 , 637
77 , 636
78 , 636
79 , 635
80 , 635
81 , 634
82 , 633
83 , 633
84 , 633
85 , 633
86 , 634
87 , 634
88 , 633
89 , 634
90 , 634
91 , 633
92 , 633
93 , 633
94 , 632
95 , 631
96 , 632
95 , 633
94 , 634
97 , 633
98 , 632
97 , 631
99 , 631
100 , 630
101 , 631
100 , 632
99 , 633
102 , 632
102 , 630
103 , 630
104 , 629
105 , 629
106 , 629
107 , 629
108 , 628
107 , 627
106 , 627
108 , 626
109 , 625
110 , 624
111 , 625
112 , 625
113 , 624
114 , 624
115 , 623
114 , 622
113 , 622
112 , 623
110 , 626
109 , 627
111 , 627
106 , 622
105 , 621
104 , 622
103 , 622
102 , 623
101 , 623
100 , 623
99 , 624
98 , 625
97 , 626
96 , 625
95 , 626
94 , 625
93 , 626
92 , 626
91 , 626
90 , 627
89 , 627
88 , 626
87 , 627
86 , 627
85 , 626
84 , 626
83 , 626
82 , 626
81 , 626
80 , 626
79 , 626
78 , 626
77 , 626
76 , 626
76 , 624
77 , 624
78 , 624
77 , 622
76 , 622
75 , 621
74 , 621
74 , 619
75 , 619
76 , 618
77 , 618
78 , 618
79 , 617
78 , 616
77 , 616
76 , 616
75 , 617
76 , 620
77 , 620
75 , 623
79 , 628
80 , 628
81 , 628
82 , 628
83 , 628
84 , 628
85 , 628
86 , 629
87 , 629
88 , 628
89 , 629
91 , 628
92 , 628
93 , 628
94 , 627
96 , 627
98 , 627
99 , 626
100 , 625
101 , 625
102 , 625
103 , 624
104 , 624
105 , 623
107 , 621
106 , 620
107 , 619
108 , 618
109 , 617
110 , 616
111 , 616
112 , 616
113 , 615
112 , 614
113 , 613
114 , 612
115 , 613
116 , 613
117 , 613
118 , 612
119 , 612
120 , 611
119 , 610
118 , 610
117 , 611
116 , 611
114 , 614
115 , 615
114 , 616
111 , 618
110 , 618
109 , 619
108 , 620
115 , 621
116 , 620
117 , 619
118 , 619
119 , 618
120 , 618
121 , 619
120 , 620
119 , 620
118 , 621
117 , 621
116 , 622
122 , 620
123 , 619
122 , 618
123 , 617
124 , 618
125 , 618
126 , 617
127 , 618
126 , 619
125 , 620
124 , 620
127 , 620
128 , 619
129 , 619
130 , 618
131 , 618
132 , 618
133 , 619
134 , 619
135 , 619
136 , 620
137 , 620
138 , 620
139 , 621
140 , 621
141 , 621
142 , 620
143 , 620
144 , 620
145 , 620
145 , 622
144 , 622
143 , 622
142 , 622
141 , 623
140 , 623
138 , 622
137 , 622
136 , 622
135 , 621
134 , 621
133 , 621
132 , 620
131 , 620
130 , 620
128 , 617
127 , 612
126 , 611
125 , 610
124 , 610
123 , 609
122 , 610
121 , 610
121 , 612
122 , 612
123 , 611
124 , 612
125 , 612
127 , 610
126 , 609
128 , 609
129 , 610
128 , 611
129 , 612
130 , 611
131 , 610
132 , 610
133 , 611
132 , 612
131 , 612
133 , 613
134 , 612
135 , 612
136 , 611
137 , 611
138 , 612
139 , 612
140 , 612
141 , 612
142 , 611
143 , 611
144 , 611
145 , 611
146 , 612
147 , 612
148 , 611
149 , 611
150 , 611
151 , 610
150 , 609
149 , 609
149 , 607
150 , 607
151 , 606
150 , 605
149 , 605
148 , 604
149 , 603
150 , 603
151 , 604
150 , 601
149 , 601
148 , 600
147 , 599
146 , 598
147 , 597
146 , 596
145 , 595
144 , 594
145 , 593
144 , 592
143 , 592
143 , 590
142 , 590
141 , 589
140 , 589
139 , 588
138 , 587
137 , 586
136 , 587
135 , 588
134 , 589
135 , 590
134 , 591
135 , 592
134 , 593
135 , 594
136 , 593
137 , 592
136 , 591
136 , 589
137 , 588
138 , 589
139 , 590
138 , 591
139 , 592
138 , 593
137 , 594
136 , 595
138 , 595
139 , 594
140 , 591
141 , 591
142 , 588
140 , 587
139 , 586
138 , 585
137 , 584
136 , 583
137 , 582
136 , 581
137 , 580
136 , 579
135 , 579
135 , 577
136 , 577
137 , 578
136 , 575
135 , 575
134 , 575
133 , 574
132 , 573
131 , 573
130 , 573
130 , 575
131 , 575
131 , 577
130 , 577
129 , 576
129 , 578
128 , 578
128 , 580
129 , 580
130 , 579
130 , 581
129 , 582
128 , 582
127 , 583
128 , 584
129 , 584
130 , 583
129 , 586
128 , 586
127 , 585
126 , 586
127 , 587
126 , 588
125 , 588
125 , 590
126 , 590
127 , 589
128 , 588
127 , 591
126 , 592
125 , 592
124 , 591
124 , 593
123 , 593
122 , 593
121 , 594
120 , 595
121 , 596
120 , 597
119 , 597
118 , 597
117 , 597
117 , 599
116 , 599
115 , 600
114 , 600
113 , 600
112 , 601
111 , 602
110 , 602
109 , 602
108 , 603
107 , 603
106 , 604
105 , 604
104 , 605
103 , 605
102 , 606
101 , 605
100 , 606
99 , 606
99 , 608
98 , 608
97 , 608
96 , 607
96 , 609
95 , 609
94 , 608
93 , 608
92 , 609
91 , 609
91 , 611
90 , 611
89 , 611
88 , 610
87 , 611
86 , 611
85 , 611
84 , 612
83 , 612
82 , 613
81 , 613
80 , 614
79 , 615
78 , 614
80 , 616
81 , 615
82 , 615
83 , 614
84 , 614
85 , 613
86 , 613
87 , 613
88 , 612
89 , 613
90 , 613
92 , 611
93 , 610
94 , 610
95 , 611
97 , 610
98 , 610
100 , 608
101 , 607
102 , 608
103 , 607
104 , 607
105 , 606
106 , 606
107 , 605
108 , 605
109 , 604
110 , 604
111 , 604
112 , 603
113 , 602
114 , 602
115 , 602
116 , 601
117 , 601
118 , 599
119 , 599
120 , 599
121 , 598
122 , 597
122 , 595
123 , 595
124 , 595
125 , 594
138 , 583
139 , 584
138 , 581
135 , 573
134 , 573
133 , 572
132 , 571
131 , 571
131 , 569
132 , 569
133 , 568
132 , 567
131 , 567
131 , 565
132 , 565
133 , 564
132 , 563
131 , 563
130 , 563
130 , 561
131 , 561
132 , 561
132 , 559
131 , 559
130 , 559
130 , 557
129 , 557
129 , 555
130 , 555
131 , 555
132 , 555
132 , 553
131 , 553
130 , 553
129 , 553
129 , 551
130 , 551
131 , 551
132 , 551
131 , 549
130 , 549
129 , 549
129 , 547
130 , 547
131 , 547
131 , 545
130 , 545
129 , 545
129 , 543
130 , 543
131 , 543
131 , 541
130 , 541
129 , 541
129 , 539
130 , 539
131 , 539
132 , 539
132 , 537
131 , 537
130 , 537
129 , 537
130 , 535
131 , 535
132 , 535
132 , 533
131 , 533
130 , 533
130 , 531
131 , 531
132 , 531
132 , 529
131 , 529
130 , 529
130 , 527
131 , 527
132 , 527
132 , 525
131 , 525
130 , 525
130 , 523
131 , 523
132 , 523
132 , 521
131 , 521
130 , 521
130 , 519
131 , 519
132 , 519
132 , 517
131 , 517
130 , 517
130 , 515
131 , 515
132 , 515
132 , 513
131 , 513
130 , 513
130 , 511
131 , 511
132 , 511
133 , 510
132 , 509
131 , 509
130 , 509
130 , 507
131 , 507
132 , 507
133 , 506
132 , 505
131 , 505
130 , 505
130 , 503
131 , 503
132 , 503
133 , 502
132 , 501
131 , 501
130 , 501
130 , 499
131 , 499
132 , 499
133 , 498
132 , 497
131 , 497
130 , 497
130 , 495
131 , 495
132 , 495
133 , 494
132 , 493
131 , 493
130 , 493
130 , 491
131 , 491
132 , 491
133 , 490
132 , 489
131 , 489
130 , 489
130 , 487
131 , 487
132 , 487
133 , 486
132 , 485
131 , 485
130 , 485
130 , 483
131 , 483
132 , 483
133 , 484
132 , 481
131 , 481
130 , 481
130 , 479
131 , 479
132 , 479
132 , 477
131 , 477
130 , 477
130 , 475
131 , 475
132 , 475
132 , 473
131 , 473
130 , 473
130 , 471
129 , 471
129 , 469
130 , 469
131 , 469
132 , 469
132 , 467
131 , 467
130 , 467
129 , 467
129 , 465
130 , 465
131 , 465
131 , 463
130 , 463
129 , 463
129 , 461
130 , 461
131 , 461
131 , 459
130 , 459
129 , 459
128 , 459
128 , 457
129 , 457
130 , 457
131 , 457
130 , 455
129 , 455
128 , 455
128 , 453
129 , 453
130 , 453
130 , 451
129 , 451
128 , 451
127 , 450
128 , 449
129 , 449
130 , 449
130 , 447
129 , 447
128 , 447
127 , 446
128 , 445
129 , 445
129 , 443
128 , 443
127 , 442
126 , 441
127 , 440
126 , 439
127 , 438
126 , 437
127 , 436
126 , 435
127 , 434
126 , 433
127 , 432
126 , 431
127 , 430
126 , 429
125 , 429
125 , 427
126 , 427
127 , 426
126 , 425
125 , 425
125 , 423
126 , 423
127 , 422
126 , 421
125 , 421
125 , 419
126 , 419
127 , 418
126 , 417
125 , 417
125 , 415
126 , 415
127 , 414
126 , 413
125 , 413
125 , 411
126 , 411
127 , 410
126 , 409
125 , 409
126 , 407
127 , 406
126 , 405
127 , 404
128 , 403
129 , 403
130 , 402
129 , 401
128 , 401
127 , 402
128 , 405
129 , 405
128 , 407
127 , 408
128 , 409
128 , 411
127 , 412
127 , 416
127 , 420
127 , 424
128 , 427
127 , 428
128 , 429
128 , 431
128 , 433
128 , 435
128 , 437
128 , 439
129 , 439
129 , 441
128 , 441
127 , 444
127 , 448
131 , 471
132 , 471
133 , 488
133 , 492
133 , 496
133 , 500
133 , 504
133 , 508
133 , 512
153 , 513
154 , 513
155 , 513
156 , 512
155 , 511
154 , 511
154 , 509
155 , 509
156 , 508
157 , 508
157 , 506
156 , 506
155 , 505
156 , 504
157 , 504
157 , 502
156 , 502
155 , 501
156 , 500
157 , 500
158 , 499
157 , 498
156 , 498
155 , 499
156 , 496
157 , 496
158 , 495
157 , 494
156 , 494
156 , 492
157 , 492
158 , 491
157 , 490
156 , 490
156 , 488
157 , 488
158 , 487
157 , 486
158 , 485
157 , 484
158 , 483
157 , 482
158 , 481
157 , 480
158 , 479
157 , 478
158 , 477
159 , 476
158 , 475
159 , 474
158 , 473
159 , 472
158 , 471
159 , 470
158 , 469
159 , 468
158 , 467
159 , 466
158 , 465
159 , 464
158 , 463
159 , 462
160 , 461
159 , 460
160 , 459
161 , 459
162 , 458
161 , 457
160 , 457
159 , 456
160 , 455
161 , 455
162 , 454
161 , 453
160 , 453
159 , 454
160 , 451
161 , 451
162 , 450
161 , 449
160 , 449
160 , 447
161 , 447
162 , 446
161 , 445
160 , 445
159 , 444
160 , 443
161 , 443
162 , 442
163 , 442
164 , 441
163 , 440
162 , 440
161 , 441
160 , 441
159 , 440
158 , 439
157 , 438
158 , 437
157 , 436
156 , 436
156 , 434
157 , 434
158 , 433
157 , 432
156 , 432
155 , 431
154 , 431
154 , 429
155 , 429
156 , 428
155 , 427
154 , 427
153 , 426
154 , 425
155 , 425
153 , 424
152 , 424
151 , 423
152 , 422
153 , 422
154 , 423
153 , 420
152 , 420
151 , 419
150 , 418
149 , 417
150 , 416
149 , 415
148 , 414
149 , 413
148 , 412
147 , 412
147 , 410
146 , 410
146 , 408
145 , 408
145 , 406
144 , 406
143 , 405
144 , 404
145 , 404
146 , 404
146 , 406
147 , 406
147 , 408
148 , 408
148 , 410
149 , 411
150 , 412
150 , 414
151 , 415
151 , 417
152 , 418
150 , 420
151 , 421
153 , 428
156 , 430
157 , 430
155 , 433
158 , 435
159 , 436
159 , 438
157 , 440
158 , 441
159 , 442
162 , 444
159 , 446
162 , 448
163 , 451
162 , 452
163 , 453
163 , 455
162 , 456
163 , 457
164 , 457
164 , 459
163 , 459
163 , 461
164 , 461
165 , 460
165 , 462
164 , 463
163 , 463
164 , 465
165 , 464
166 , 465
165 , 466
164 , 467
165 , 468
164 , 469
165 , 470
164 , 471
165 , 472
164 , 473
165 , 474
164 , 475
165 , 476
166 , 475
167 , 474
166 , 473
166 , 471
166 , 469
166 , 467
160 , 467
160 , 465
160 , 463
159 , 458
160 , 469
160 , 471
160 , 473
160 , 475
160 , 477
159 , 478
160 , 479
159 , 480
160 , 481
159 , 482
159 , 484
159 , 486
159 , 488
158 , 489
159 , 490
158 , 493
158 , 497
158 , 501
155 , 503
155 , 507
156 , 510
156 , 514
155 , 515
154 , 515
153 , 515
153 , 517
154 , 517
155 , 517
155 , 519
154 , 519
153 , 519
152 , 520
153 , 521
154 , 521
155 , 521
154 , 523
153 , 523
152 , 522
152 , 524
153 , 525
154 , 525
154 , 527
153 , 527
152 , 526
152 , 528
151 , 528
151 , 530
152 , 530
153 , 529
154 , 529
153 , 531
152 , 532
151 , 532
151 , 534
152 , 534
153 , 533
153 , 535
152 , 536
151 , 536
150 , 536
150 , 538
151 , 538
152 , 538
153 , 537
152 , 540
151 , 540
150 , 540
150 , 542
151 , 542
152 , 542
152 , 544
151 , 544
150 , 544
150 , 546
151 , 546
152 , 546
152 , 548
151 , 548
150 , 548
150 , 550
151 , 550
152 , 550
153 , 551
152 , 552
151 , 552
152 , 554
153 , 553
154 , 552
155 , 552
156 , 551
155 , 550
154 , 550
155 , 548
156 , 547
157 , 546
156 , 545
157 , 544
156 , 543
157 , 542
158 , 541
157 , 540
158 , 539
159 , 538
160 , 538
160 , 536
159 , 536
158 , 535
159 , 534
160 , 534
161 , 534
161 , 532
160 , 532
159 , 532
159 , 530
160 , 530
161 , 530
162 , 529
161 , 528
160 , 528
160 , 526
161 , 526
162 , 525
161 , 524
162 , 523
161 , 522
162 , 521
161 , 520
162 , 519
163 , 518
162 , 517
163 , 516
162 , 515
163 , 514
162 , 513
163 , 512
164 , 511
163 , 510
164 , 509
163 , 508
164 , 507
163 , 506
164 , 505
165 , 504
164 , 503
165 , 502
164 , 501
165 , 500
164 , 499
165 , 498
166 , 497
165 , 496
166 , 495
165 , 494
164 , 494
164 , 492
165 , 492
166 , 491
165 , 490
166 , 489
165 , 488
166 , 487
165 , 486
166 , 485
165 , 484
166 , 483
165 , 482
166 , 481
165 , 480
166 , 479
165 , 478
166 , 477
167 , 476
167 , 478
167 , 480
167 , 482
167 , 484
167 , 486
167 , 488
167 , 490
167 , 492
166 , 493
167 , 494
167 , 496
166 , 499
166 , 501
166 , 503
166 , 505
165 , 506
166 , 507
165 , 508
165 , 510
165 , 512
164 , 513
165 , 514
164 , 515
164 , 517
164 , 519
163 , 520
164 , 521
163 , 522
163 , 524
163 , 526
162 , 527
162 , 531
161 , 536
158 , 537
159 , 540
159 , 542
158 , 543
158 , 545
157 , 548
156 , 549
153 , 558
152 , 559
151 , 558
150 , 558
149 , 558
148 , 558
147 , 558
146 , 558
145 , 558
144 , 558
143 , 559
142 , 559
141 , 560
140 , 559
140 , 561
139 , 561
138 , 560
138 , 562
137 , 562
136 , 562
136 , 564
135 , 564
134 , 565
133 , 566
134 , 567
135 , 566
137 , 564
138 , 564
139 , 563
141 , 562
142 , 561
143 , 561
144 , 560
145 , 560
146 , 560
147 , 560
148 , 560
149 , 560
150 , 560
151 , 560
152 , 561
153 , 560
154 , 559
154 , 561
153 , 562
152 , 563
153 , 564
152 , 565
153 , 566
152 , 567
151 , 568
152 , 569
151 , 570
152 , 571
151 , 572
152 , 573
151 , 574
152 , 575
151 , 576
152 , 577
151 , 578
152 , 579
151 , 580
152 , 581
151 , 582
152 , 583
153 , 582
154 , 581
153 , 580
153 , 578
153 , 576
153 , 574
153 , 572
153 , 570
154 , 569
153 , 568
154 , 567
154 , 565
154 , 563
154 , 583
153 , 584
152 , 585
153 , 586
152 , 587
153 , 588
152 , 589
153 , 590
154 , 589
155 , 589
155 , 591
154 , 591
153 , 592
154 , 593
155 , 593
156 , 594
155 , 595
154 , 595
153 , 594
154 , 597
155 , 597
156 , 596
156 , 598
155 , 599
154 , 599
155 , 601
156 , 600
157 , 600
157 , 602
156 , 602
155 , 603
156 , 604
157 , 604
157 , 606
156 , 606
155 , 605
155 , 607
156 , 608
157 , 608
158 , 607
158 , 609
157 , 610
156 , 610
155 , 609
155 , 611
156 , 612
157 , 612
158 , 611
157 , 614
156 , 614
155 , 613
155 , 615
154 , 616
155 , 617
154 , 618
153 , 618
153 , 620
152 , 620
151 , 621
150 , 620
149 , 621
148 , 621
147 , 621
146 , 622
147 , 623
148 , 623
149 , 623
150 , 622
151 , 623
152 , 622
153 , 622
154 , 620
155 , 619
156 , 618
156 , 616
157 , 616
149 , 613
148 , 613
147 , 614
146 , 614
145 , 613
144 , 613
143 , 613
142 , 613
141 , 614
140 , 614
139 , 614
138 , 614
137 , 613
136 , 613
135 , 610
134 , 610
147 , 601
148 , 602
149 , 599
148 , 598
148 , 596
147 , 595
146 , 594
146 , 592
145 , 591
144 , 590
154 , 587
154 , 585
151 , 608
134 , 571
133 , 570
134 , 569
132 , 557
131 , 557
104 , 631
90 , 632
88 , 635
85 , 635
84 , 635
83 , 635
82 , 635
81 , 636
78 , 634
77 , 634
164 , 439
165 , 439
166 , 438
165 , 437
164 , 437
163 , 438
166 , 436
167 , 437
168 , 436
169 , 436
170 , 435
171 , 435
172 , 436
171 , 437
170 , 437
169 , 438
168 , 438
167 , 439
173 , 437
174 , 437
175 , 436
176 , 436
177 , 436
178 , 435
179 , 435
180 , 436
179 , 437
178 , 437
181 , 437
182 , 437
183 , 437
184 , 437
185 , 436
184 , 435
183 , 435
182 , 435
181 , 435
177 , 434
176 , 434
175 , 434
174 , 435
173 , 435
185 , 438
186 , 437
187 , 437
188 , 436
187 , 435
186 , 435
189 , 435
189 , 437
190 , 437
191 , 436
192 , 437
191 , 438
192 , 439
193 , 438
194 , 437
193 , 436
195 , 436
196 , 436
197 , 437
198 , 437
199 , 437
200 , 437
201 , 437
202 , 437
203 , 437
204 , 437
205 , 437
206 , 436
207 , 437
206 , 438
205 , 439
204 , 439
203 , 439
202 , 439
201 , 439
200 , 439
199 , 439
198 , 439
197 , 439
196 , 438
195 , 438
194 , 439
188 , 438
207 , 439
208 , 438
209 , 438
210 , 437
211 , 436
212 , 436
213 , 436
214 , 437
215 , 437
216 , 437
217 , 436
218 , 437
219 , 437
220 , 437
221 , 437
222 , 437
223 , 437
224 , 436
223 , 435
222 , 435
221 , 435
220 , 435
219 , 435
217 , 438
216 , 439
218 , 439
213 , 438
212 , 438
211 , 438
210 , 439
224 , 434
225 , 435
226 , 435
227 , 434
228 , 433
229 , 433
230 , 433
231 , 434
232 , 434
233 , 434
234 , 434
235 , 433
236 , 433
237 , 433
238 , 433
239 , 432
240 , 432
241 , 431
240 , 430
239 , 430
238 , 431
237 , 431
236 , 431
235 , 431
234 , 432
233 , 432
232 , 432
230 , 435
229 , 435
228 , 435
227 , 436
226 , 437
225 , 437
231 , 436
242 , 432
243 , 431
244 , 431
245 , 430
246 , 430
247 , 430
248 , 429
249 , 429
250 , 429
251 , 428
252 , 428
253 , 427
254 , 427
255 , 426
254 , 425
253 , 425
252 , 426
251 , 426
250 , 427
249 , 427
248 , 427
247 , 428
246 , 428
245 , 428
244 , 429
243 , 429
242 , 430
241 , 429
255 , 424
256 , 425
257 , 424
258 , 423
259 , 423
260 , 422
261 , 423
262 , 423
263 , 423
264 , 423
265 , 422
266 , 422
267 , 422
268 , 422
269 , 421
270 , 421
271 , 421
272 , 421
273 , 420
272 , 419
271 , 419
270 , 419
269 , 419
268 , 420
267 , 420
266 , 420
265 , 420
264 , 421
263 , 421
262 , 421
260 , 424
259 , 425
258 , 425
257 , 426
256 , 427
261 , 425
262 , 425
273 , 418
274 , 417
275 , 416
276 , 416
277 , 417
278 , 417
279 , 417
280 , 417
281 , 416
282 , 416
283 , 415
282 , 414
281 , 414
280 , 415
279 , 415
278 , 415
276 , 418
275 , 418
274 , 419
277 , 419
283 , 417
284 , 416
285 , 415
286 , 415
287 , 414
286 , 413
285 , 413
284 , 414
287 , 412
288 , 413
289 , 413
290 , 412
291 , 411
292 , 411
293 , 412
292 , 413
291 , 413
290 , 414
289 , 415
288 , 415
293 , 414
294 , 413
295 , 412
294 , 411
296 , 411
297 , 412
296 , 413
295 , 414
297 , 414
298 , 413
299 , 413
300 , 412
299 , 411
298 , 411
300 , 414
301 , 413
302 , 413
303 , 413
304 , 414
305 , 414
306 , 414
306 , 416
305 , 416
304 , 416
303 , 415
302 , 415
301 , 415
307 , 416
308 , 416
309 , 416
310 , 417
311 , 417
311 , 419
310 , 419
309 , 418
308 , 418
307 , 418
312 , 419
313 , 418
314 , 419
313 , 420
312 , 421
313 , 422
314 , 421
315 , 420
316 , 421
315 , 422
316 , 423
317 , 422
318 , 422
319 , 422
319 , 424
318 , 424
317 , 424
319 , 426
320 , 426
321 , 425
322 , 425
323 , 425
324 , 426
325 , 426
326 , 427
325 , 428
324 , 428
323 , 427
322 , 427
321 , 427
320 , 424
321 , 423
326 , 429
327 , 429
328 , 429
329 , 429
329 , 431
328 , 431
327 , 431
326 , 431
325 , 430
329 , 433
330 , 433
331 , 432
332 , 432
333 , 433
332 , 434
331 , 434
333 , 435
334 , 434
335 , 434
336 , 435
335 , 436
334 , 436
335 , 438
336 , 437
337 , 436
338 , 437
339 , 437
339 , 439
338 , 439
337 , 438
336 , 439
337 , 440
339 , 441
340 , 441
341 , 440
340 , 439
342 , 441
343 , 441
344 , 441
344 , 443
343 , 443
342 , 443
341 , 442
343 , 445
344 , 445
345 , 445
346 , 445
347 , 445
348 , 445
349 , 446
348 , 447
347 , 447
346 , 447
348 , 449
349 , 448
350 , 447
350 , 449
351 , 449
352 , 449
353 , 450
354 , 450
355 , 451
354 , 452
353 , 452
352 , 451
351 , 451
350 , 451
349 , 450
352 , 453
354 , 454
355 , 453
356 , 452
357 , 453
356 , 454
355 , 455
356 , 456
357 , 455
358 , 454
359 , 455
358 , 456
357 , 457
358 , 458
359 , 457
360 , 457
361 , 458
360 , 459
359 , 459
361 , 460
362 , 459
363 , 460
362 , 461
363 , 462
364 , 461
365 , 462
364 , 463
365 , 464
366 , 463
367 , 462
366 , 461
367 , 464
368 , 464
369 , 465
368 , 466
367 , 466
366 , 465
369 , 467
370 , 466
371 , 466
372 , 467
371 , 468
370 , 468
371 , 470
372 , 469
373 , 469
374 , 469
375 , 470
374 , 471
373 , 471
372 , 471
374 , 473
375 , 472
376 , 472
377 , 472
377 , 474
376 , 474
375 , 474
377 , 476
378 , 476
379 , 476
380 , 476
381 , 476
381 , 478
380 , 478
379 , 478
381 , 480
382 , 480
383 , 480
384 , 479
383 , 478
382 , 478
384 , 481
385 , 481
386 , 481
386 , 483
385 , 483
384 , 483
383 , 482
387 , 483
388 , 484
389 , 484
389 , 486
388 , 486
387 , 485
386 , 485
390 , 486
391 , 487
390 , 488
389 , 488
391 , 489
392 , 488
393 , 487
392 , 486
394 , 488
393 , 489
392 , 490
393 , 491
394 , 490
395 , 489
395 , 491
396 , 491
397 , 492
398 , 492
398 , 494
397 , 494
396 , 493
395 , 493
394 , 492
399 , 494
400 , 495
401 , 495
402 , 496
401 , 497
400 , 497
399 , 496
398 , 496
401 , 499
402 , 498
403 , 497
403 , 499
404 , 499
405 , 500
406 , 500
407 , 501
406 , 502
405 , 502
404 , 501
403 , 501
402 , 500
407 , 503
408 , 502
409 , 502
409 , 504
408 , 504
410 , 504
411 , 504
412 , 504
413 , 505
412 , 506
411 , 506
410 , 506
409 , 506
412 , 508
413 , 507
414 , 506
415 , 507
414 , 508
415 , 509
416 , 508
417 , 508
418 , 508
419 , 508
419 , 510
418 , 510
417 , 510
416 , 510
416 , 506
420 , 510
421 , 509
421 , 511
422 , 511
423 , 511
424 , 512
425 , 512
425 , 514
424 , 514
423 , 513
422 , 513
421 , 513
420 , 512
426 , 514
427 , 513
427 , 515
428 , 515
429 , 515
430 , 516
429 , 517
428 , 517
427 , 517
426 , 516
425 , 516
429 , 519
430 , 518
431 , 517
432 , 518
433 , 518
434 , 519
433 , 520
432 , 520
431 , 519
430 , 520
433 , 522
434 , 521
435 , 521
436 , 522
435 , 523
434 , 523
436 , 524
437 , 523
438 , 522
437 , 521
439 , 523
438 , 524
437 , 525
438 , 526
439 , 525
440 , 524
440 , 526
441 , 526
442 , 526
443 , 527
444 , 527
445 , 528
444 , 529
443 , 529
442 , 528
441 , 528
440 , 528
439 , 527
444 , 531
445 , 530
446 , 530
447 , 530
448 , 531
447 , 532
446 , 532
445 , 532
447 , 534
448 , 533
449 , 533
450 , 533
451 , 533
451 , 535
450 , 535
449 , 535
448 , 535
451 , 537
452 , 537
453 , 537
454 , 536
453 , 535
452 , 535
454 , 538
455 , 538
456 , 539
457 , 539
458 , 539
458 , 541
457 , 541
456 , 541
455 , 540
454 , 540
453 , 539
459 , 541
460 , 541
461 , 542
460 , 543
459 , 543
458 , 543
460 , 545
461 , 544
462 , 543
462 , 545
463 , 545
464 , 546
465 , 546
466 , 546
467 , 547
466 , 548
465 , 548
464 , 548
463 , 547
462 , 547
461 , 546
465 , 550
466 , 550
467 , 549
468 , 549
469 , 550
468 , 551
467 , 551
469 , 552
470 , 551
471 , 552
470 , 553
471 , 554
472 , 553
473 , 553
474 , 553
474 , 555
473 , 555
472 , 555
474 , 557
475 , 557
476 , 556
475 , 555
477 , 557
478 , 557
479 , 558
478 , 559
477 , 559
476 , 558
478 , 561
479 , 560
480 , 560
481 , 560
482 , 560
482 , 562
481 , 562
480 , 562
479 , 562
482 , 564
483 , 564
484 , 563
485 , 563
486 , 564
485 , 565
484 , 565
485 , 567
486 , 566
487 , 565
488 , 565
489 , 566
488 , 567
487 , 567
486 , 568
488 , 569
489 , 568
490 , 567
490 , 569
491 , 569
492 , 569
493 , 570
494 , 570
495 , 571
494 , 572
493 , 572
492 , 571
491 , 571
490 , 571
489 , 570
494 , 574
495 , 573
496 , 573
497 , 573
497 , 575
496 , 575
495 , 575
498 , 575
499 , 575
500 , 576
501 , 576
502 , 575
503 , 574
502 , 573
503 , 572
502 , 571
501 , 571
501 , 569
500 , 569
500 , 567
499 , 567
499 , 565
500 , 565
501 , 565
501 , 567
502 , 569
506 , 569
507 , 568
508 , 568
508 , 566
507 , 566
506 , 565
507 , 564
508 , 564
509 , 563
508 , 562
510 , 562
511 , 561
512 , 561
513 , 560
514 , 560
514 , 558
513 , 558
512 , 557
511 , 557
511 , 555
510 , 555
509 , 555
509 , 553
508 , 553
507 , 552
508 , 551
509 , 551
510 , 551
510 , 553
511 , 553
512 , 555
513 , 556
512 , 559
513 , 562
514 , 562
515 , 563
516 , 563
517 , 564
516 , 565
515 , 565
514 , 564
513 , 564
512 , 563
511 , 563
510 , 564
509 , 565
506 , 567
507 , 570
506 , 571
507 , 572
508 , 572
509 , 573
510 , 573
511 , 573
512 , 572
513 , 572
514 , 572
514 , 570
513 , 570
512 , 570
513 , 568
514 , 568
514 , 566
513 , 566
517 , 566
518 , 565
519 , 564
519 , 566
520 , 566
521 , 566
521 , 568
520 , 568
519 , 568
518 , 567
522 , 568
523 , 568
524 , 569
523 , 570
522 , 570
521 , 570
523 , 572
524 , 571
525 , 570
525 , 572
526 , 572
527 , 572
527 , 574
526 , 574
525 , 574
524 , 573
528 , 574
529 , 574
530 , 575
529 , 576
528 , 576
527 , 576
529 , 578
530 , 577
531 , 576
532 , 577
531 , 578
530 , 579
531 , 580
532 , 579
533 , 578
534 , 579
533 , 580
532 , 581
533 , 582
534 , 581
535 , 581
536 , 582
535 , 583
534 , 583
535 , 585
536 , 584
537 , 583
537 , 585
538 , 585
538 , 587
537 , 587
536 , 586
537 , 589
538 , 589
539 , 589
540 , 588
539 , 587
540 , 590
539 , 591
538 , 591
539 , 593
540 , 592
541 , 591
542 , 592
541 , 593
540 , 594
541 , 595
542 , 594
543 , 595
542 , 596
541 , 597
542 , 598
543 , 597
544 , 598
543 , 599
542 , 600
543 , 601
544 , 600
545 , 601
544 , 602
543 , 603
544 , 604
545 , 603
546 , 604
545 , 605
544 , 606
545 , 607
546 , 606
547 , 605
547 , 607
546 , 608
547 , 609
546 , 610
547 , 611
548 , 610
549 , 609
548 , 608
549 , 611
550 , 611
550 , 613
549 , 613
548 , 612
548 , 614
549 , 615
550 , 615
551 , 615
552 , 616
551 , 617
550 , 617
551 , 619
552 , 618
553 , 618
553 , 620
552 , 620
551 , 621
552 , 622
553 , 622
554 , 622
554 , 620
554 , 624
553 , 624
552 , 624
551 , 625
552 , 626
553 , 626
554 , 626
553 , 628
552 , 628
551 , 627
550 , 628
549 , 629
550 , 630
549 , 631
548 , 631
547 , 631
546 , 632
545 , 631
545 , 633
544 , 633
543 , 632
542 , 632
541 , 633
540 , 633
539 , 634
538 , 634
537 , 634
536 , 634
535 , 634
534 , 634
533 , 634
532 , 634
531 , 634
530 , 635
529 , 635
528 , 634
527 , 635
526 , 634
525 , 635
524 , 635
523 , 634
522 , 633
521 , 634
520 , 634
519 , 633
518 , 632
517 , 631
516 , 630
517 , 629
516 , 628
517 , 627
516 , 626
517 , 625
516 , 624
517 , 623
516 , 622
517 , 621
518 , 620
517 , 619
518 , 618
517 , 617
518 , 616
517 , 615
518 , 614
517 , 613
518 , 612
517 , 611
518 , 610
517 , 609
518 , 608
517 , 607
518 , 606
517 , 605
516 , 604
517 , 603
516 , 602
517 , 601
516 , 600
515 , 599
516 , 598
515 , 597
514 , 596
515 , 595
514 , 594
513 , 594
512 , 594
511 , 593
510 , 593
509 , 592
508 , 591
509 , 590
508 , 589
509 , 588
508 , 587
507 , 587
506 , 586
507 , 585
508 , 585
509 , 584
508 , 583
507 , 583
506 , 582
505 , 582
505 , 580
504 , 580
503 , 580
502 , 579
501 , 578
500 , 578
499 , 577
498 , 577
502 , 577
503 , 576
504 , 576
504 , 578
503 , 578
505 , 578
506 , 580
507 , 581
506 , 584
509 , 586
510 , 585
510 , 587
511 , 587
512 , 588
511 , 589
510 , 589
510 , 591
511 , 591
512 , 590
513 , 590
513 , 592
512 , 592
514 , 592
515 , 593
516 , 596
517 , 599
518 , 602
518 , 604
519 , 607
519 , 609
519 , 611
519 , 613
519 , 615
519 , 617
519 , 619
519 , 621
518 , 622
518 , 624
518 , 626
518 , 628
518 , 630
519 , 631
520 , 632
522 , 635
520 , 638
519 , 638
518 , 637
517 , 637
516 , 637
515 , 637
514 , 637
513 , 636
514 , 635
515 , 635
513 , 634
512 , 634
511 , 633
512 , 632
513 , 632
514 , 633
513 , 630
512 , 630
511 , 629
512 , 628
511 , 627
510 , 627
510 , 625
511 , 625
512 , 624
511 , 623
510 , 623
510 , 621
511 , 621
512 , 620
511 , 619
510 , 619
510 , 617
511 , 617
512 , 616
513 , 616
513 , 614
512 , 614
511 , 613
512 , 612
513 , 612
513 , 610
512 , 610
511 , 609
512 , 608
513 , 608
513 , 606
512 , 606
511 , 605
512 , 604
513 , 604
511 , 603
512 , 602
511 , 601
510 , 601
510 , 599
511 , 599
512 , 598
511 , 597
510 , 597
510 , 595
511 , 595
509 , 594
512 , 600
511 , 607
511 , 611
511 , 615
512 , 618
512 , 622
512 , 626
511 , 631
516 , 639
517 , 639
518 , 639
519 , 640
520 , 640
521 , 639
522 , 640
521 , 641
523 , 641
524 , 641
525 , 641
526 , 641
527 , 640
528 , 641
527 , 642
529 , 642
530 , 642
531 , 641
532 , 641
533 , 641
534 , 641
535 , 641
536 , 641
537 , 641
538 , 641
539 , 640
540 , 641
541 , 641
542 , 640
543 , 640
544 , 640
545 , 640
546 , 641
545 , 642
544 , 642
543 , 642
542 , 642
539 , 642
538 , 636
537 , 636
536 , 636
535 , 636
534 , 636
533 , 636
532 , 636
531 , 636
528 , 636
526 , 636
525 , 639
524 , 639
523 , 639
529 , 640
530 , 640
540 , 635
541 , 635
542 , 634
543 , 634
546 , 634
547 , 633
548 , 633
549 , 633
550 , 632
551 , 631
552 , 630
551 , 629
553 , 639
554 , 639
555 , 639
556 , 639
557 , 639
558 , 640
559 , 640
560 , 640
561 , 639
562 , 639
563 , 639
564 , 639
565 , 640
566 , 640
567 , 639
568 , 639
569 , 639
570 , 639
571 , 640
572 , 640
573 , 640
574 , 640
575 , 639
576 , 640
575 , 641
574 , 642
573 , 642
572 , 642
571 , 642
570 , 641
569 , 641
568 , 641
567 , 641
566 , 642
565 , 642
564 , 641
563 , 641
562 , 641
561 , 641
560 , 642
559 , 642
558 , 642
557 , 641
556 , 641
555 , 641
554 , 641
553 , 641
552 , 640
551 , 640
550 , 640
549 , 641
548 , 641
547 , 640
547 , 642
550 , 642
551 , 642
552 , 642
576 , 642
577 , 641
578 , 641
579 , 641
580 , 641
581 , 641
582 , 641
583 , 640
582 , 639
581 , 639
580 , 639
579 , 639
578 , 639
577 , 639
583 , 642
584 , 641
585 , 641
586 , 641
587 , 640
588 , 640
589 , 639
590 , 639
591 , 639
592 , 639
593 , 639
594 , 639
595 , 639
595 , 641
594 , 641
593 , 641
592 , 641
591 , 641
590 , 641
589 , 641
588 , 642
587 , 642
586 , 639
585 , 639
584 , 639
551 , 613
513 , 574
512 , 574
511 , 575
510 , 575
509 , 575
508 , 574
500 , 563
499 , 563
498 , 562
499 , 561
500 , 561
500 , 559
499 , 559
498 , 558
497 , 557
496 , 556
497 , 555
496 , 554
497 , 553
496 , 552
497 , 551
496 , 550
495 , 549
496 , 548
495 , 547
496 , 546
495 , 545
496 , 544
495 , 543
494 , 543
494 , 541
495 , 541
496 , 540
495 , 539
494 , 539
494 , 537
495 , 537
496 , 536
497 , 536
498 , 537
499 , 537
499 , 539
498 , 539
497 , 538
496 , 538
495 , 535
494 , 535
493 , 534
494 , 533
495 , 533
496 , 534
493 , 532
492 , 531
491 , 531
491 , 529
492 , 529
493 , 528
492 , 527
491 , 527
490 , 526
489 , 525
488 , 525
487 , 524
486 , 523
485 , 522
484 , 522
484 , 520
483 , 520
483 , 518
482 , 518
481 , 518
481 , 516
480 , 516
480 , 514
479 , 514
478 , 513
477 , 512
476 , 511
475 , 510
476 , 509
475 , 508
474 , 507
473 , 507
472 , 506
471 , 505
472 , 504
471 , 503
470 , 503
469 , 502
470 , 501
471 , 501
472 , 502
473 , 503
473 , 505
474 , 505
475 , 506
476 , 507
477 , 508
478 , 509
477 , 510
478 , 511
479 , 510
479 , 512
480 , 512
481 , 514
482 , 514
482 , 516
483 , 516
484 , 518
485 , 520
486 , 521
487 , 522
488 , 523
490 , 524
491 , 523
492 , 523
493 , 524
492 , 525
491 , 525
493 , 526
494 , 529
493 , 530
494 , 531
490 , 528
489 , 527
490 , 521
491 , 521
492 , 521
492 , 519
491 , 519
490 , 519
489 , 518
490 , 517
491 , 517
489 , 516
488 , 515
489 , 514
488 , 513
487 , 513
486 , 512
487 , 511
488 , 511
489 , 512
488 , 509
487 , 509
486 , 508
485 , 508
484 , 508
484 , 506
483 , 506
482 , 505
481 , 504
480 , 503
479 , 502
478 , 501
477 , 500
476 , 499
475 , 498
474 , 497
473 , 496
472 , 497
471 , 496
470 , 495
469 , 496
468 , 496
467 , 496
466 , 495
465 , 494
464 , 494
463 , 494
462 , 493
461 , 493
460 , 492
459 , 493
458 , 494
457 , 494
456 , 493
455 , 492
454 , 493
453 , 493
452 , 492
451 , 491
450 , 490
449 , 491
448 , 490
447 , 489
446 , 490
445 , 489
444 , 488
443 , 488
442 , 487
441 , 488
440 , 488
439 , 488
438 , 487
437 , 486
436 , 485
435 , 484
434 , 484
433 , 483
432 , 483
432 , 481
433 , 481
434 , 482
435 , 482
436 , 483
437 , 484
438 , 485
439 , 486
440 , 486
442 , 489
441 , 490
443 , 490
444 , 490
445 , 491
446 , 492
447 , 491
448 , 492
449 , 493
450 , 492
451 , 493
452 , 494
455 , 494
456 , 495
459 , 495
460 , 494
461 , 495
462 , 495
463 , 496
464 , 496
465 , 496
466 , 497
467 , 498
468 , 498
469 , 498
470 , 497
471 , 498
470 , 499
469 , 500
468 , 500
473 , 498
474 , 499
475 , 500
477 , 498
478 , 499
479 , 500
480 , 501
481 , 502
482 , 503
483 , 504
484 , 504
485 , 506
486 , 506
486 , 510
485 , 510
490 , 515
493 , 536
496 , 542
497 , 545
497 , 547
497 , 549
498 , 550
498 , 552
498 , 554
499 , 555
498 , 556
499 , 557
497 , 559
498 , 560
498 , 564
483 , 562
501 , 544
502 , 543
501 , 542
500 , 541
499 , 541
500 , 539
501 , 540
502 , 541
503 , 542
504 , 543
503 , 544
502 , 545
503 , 546
504 , 545
505 , 545
506 , 546
505 , 547
504 , 547
505 , 549
506 , 548
507 , 548
508 , 549
507 , 550
506 , 550
464 , 492
463 , 492
462 , 491
461 , 491
460 , 490
459 , 489
458 , 489
457 , 488
456 , 487
457 , 486
456 , 485
455 , 485
454 , 484
453 , 484
452 , 484
451 , 483
450 , 482
449 , 482
448 , 481
447 , 480
446 , 480
445 , 479
444 , 478
443 , 478
442 , 477
441 , 476
440 , 475
439 , 475
438 , 474
437 , 473
436 , 472
435 , 472
434 , 472
433 , 472
432 , 472
431 , 471
432 , 470
433 , 470
431 , 469
430 , 469
430 , 467
429 , 467
428 , 467
427 , 466
426 , 465
425 , 464
424 , 464
423 , 463
422 , 463
422 , 461
423 , 461
424 , 460
425 , 460
425 , 462
424 , 462
426 , 463
427 , 464
428 , 465
429 , 465
431 , 467
432 , 468
427 , 468
426 , 467
425 , 466
424 , 466
423 , 465
424 , 468
425 , 468
426 , 469
425 , 470
426 , 471
427 , 470
427 , 472
426 , 473
427 , 474
428 , 473
429 , 474
428 , 475
429 , 476
428 , 477
429 , 478
430 , 477
431 , 478
430 , 479
431 , 480
432 , 479
433 , 479
430 , 475
434 , 474
435 , 474
436 , 474
437 , 475
438 , 476
439 , 477
440 , 477
441 , 478
443 , 476
444 , 476
445 , 477
446 , 478
447 , 478
448 , 479
449 , 480
450 , 480
451 , 481
452 , 482
453 , 482
454 , 482
455 , 483
454 , 486
458 , 487
459 , 487
460 , 488
461 , 489
453 , 491
436 , 487
435 , 486
442 , 475
423 , 459
422 , 459
421 , 458
420 , 458
420 , 456
421 , 456
422 , 455
421 , 454
420 , 454
419 , 453
418 , 452
417 , 451
416 , 450
415 , 450
415 , 448
414 , 448
414 , 446
413 , 446
412 , 445
413 , 444
412 , 443
411 , 443
410 , 443
410 , 441
411 , 441
409 , 440
408 , 440
408 , 438
407 , 438
406 , 437
407 , 436
408 , 436
406 , 435
405 , 435
404 , 434
405 , 433
406 , 433
407 , 434
404 , 432
403 , 431
404 , 430
403 , 429
402 , 429
401 , 428
400 , 427
401 , 426
400 , 425
399 , 425
399 , 423
400 , 423
401 , 422
400 , 421
399 , 421
398 , 420
397 , 419
396 , 418
395 , 418
394 , 417
393 , 417
392 , 416
391 , 415
390 , 414
389 , 414
388 , 413
387 , 412
386 , 412
385 , 411
384 , 411
383 , 410
382 , 410
382 , 408
381 , 408
380 , 408
380 , 406
379 , 406
378 , 406
378 , 404
377 , 404
376 , 404
376 , 402
375 , 402
374 , 401
373 , 400
374 , 399
373 , 398
372 , 398
371 , 397
370 , 397
369 , 396
370 , 395
371 , 395
372 , 394
371 , 393
370 , 393
369 , 392
368 , 392
367 , 392
366 , 391
365 , 391
365 , 389
364 , 389
363 , 388
362 , 387
361 , 386
362 , 385
361 , 384
360 , 384
360 , 382
359 , 382
358 , 381
357 , 380
358 , 379
357 , 378
356 , 378
355 , 377
354 , 376
353 , 376
352 , 375
353 , 374
354 , 374
355 , 375
356 , 376
357 , 376
358 , 377
359 , 378
359 , 380
360 , 380
361 , 382
362 , 383
363 , 384
364 , 385
363 , 386
364 , 387
365 , 387
366 , 387
367 , 388
366 , 389
367 , 390
368 , 390
368 , 394
369 , 394
372 , 396
373 , 396
374 , 397
375 , 398
375 , 400
376 , 400
377 , 400
377 , 402
378 , 402
379 , 404
380 , 404
381 , 406
382 , 406
383 , 408
384 , 409
385 , 409
386 , 410
385 , 413
387 , 414
388 , 415
390 , 416
391 , 417
393 , 415
394 , 415
395 , 414
394 , 413
393 , 413
392 , 412
393 , 411
394 , 411
392 , 410
391 , 410
391 , 408
392 , 408
393 , 409
392 , 406
391 , 406
390 , 405
389 , 404
388 , 403
387 , 403
387 , 401
388 , 401
389 , 400
388 , 399
387 , 399
386 , 398
385 , 397
384 , 396
385 , 395
384 , 394
383 , 393
384 , 392
383 , 391
382 , 390
383 , 389
382 , 388
381 , 388
381 , 386
382 , 386
383 , 385
382 , 384
381 , 384
380 , 383
379 , 383
379 , 381
380 , 381
381 , 380
380 , 379
379 , 379
378 , 378
377 , 377
376 , 376
377 , 375
376 , 374
375 , 373
376 , 372
375 , 371
374 , 371
374 , 369
373 , 369
373 , 367
372 , 367
372 , 365
371 , 365
370 , 365
370 , 363
369 , 363
369 , 361
368 , 361
367 , 360
366 , 359
365 , 359
365 , 357
364 , 357
363 , 357
362 , 356
361 , 355
362 , 354
361 , 353
360 , 353
359 , 352
358 , 351
357 , 351
356 , 351
355 , 350
354 , 349
353 , 349
352 , 349
352 , 347
351 , 347
350 , 347
349 , 346
348 , 345
347 , 344
346 , 345
345 , 344
344 , 343
343 , 343
342 , 343
341 , 342
340 , 342
339 , 342
338 , 342
337 , 342
336 , 341
335 , 340
334 , 339
333 , 339
332 , 339
331 , 340
330 , 340
329 , 340
328 , 339
327 , 338
326 , 339
325 , 338
324 , 339
323 , 338
322 , 338
321 , 338
320 , 338
319 , 338
318 , 337
317 , 337
316 , 337
315 , 337
314 , 336
313 , 336
312 , 337
311 , 336
310 , 337
309 , 337
308 , 336
307 , 336
306 , 335
305 , 335
304 , 336
303 , 335
302 , 336
301 , 336
300 , 335
299 , 335
298 , 335
297 , 336
296 , 335
295 , 336
294 , 335
293 , 336
292 , 335
291 , 335
290 , 335
289 , 336
288 , 336
287 , 335
286 , 335
285 , 335
284 , 336
283 , 336
282 , 335
282 , 337
281 , 337
280 , 336
279 , 336
278 , 336
277 , 337
276 , 336
275 , 336
274 , 336
273 , 337
272 , 337
271 , 338
270 , 338
269 , 337
268 , 338
267 , 338
266 , 338
265 , 338
264 , 338
263 , 339
262 , 339
261 , 340
260 , 340
259 , 340
258 , 340
258 , 342
257 , 342
256 , 342
255 , 342
254 , 342
254 , 344
253 , 344
252 , 344
251 , 345
250 , 344
249 , 343
248 , 342
247 , 342
247 , 340
248 , 340
249 , 339
248 , 338
247 , 338
248 , 336
249 , 335
248 , 334
249 , 333
248 , 332
249 , 331
248 , 330
249 , 329
248 , 328
249 , 327
248 , 326
249 , 325
248 , 324
249 , 323
248 , 322
249 , 321
248 , 320
249 , 319
248 , 318
249 , 317
248 , 316
249 , 315
248 , 314
249 , 313
248 , 312
249 , 311
248 , 310
249 , 309
248 , 308
249 , 307
248 , 306
249 , 305
250 , 304
251 , 304
251 , 302
250 , 302
249 , 301
250 , 300
251 , 300
252 , 300
253 , 299
254 , 300
255 , 300
256 , 299
257 , 300
256 , 301
257 , 302
258 , 301
259 , 300
259 , 302
260 , 302
261 , 301
261 , 303
262 , 303
263 , 303
264 , 302
264 , 304
265 , 304
266 , 304
267 , 305
268 , 304
268 , 306
269 , 306
270 , 305
271 , 306
270 , 307
271 , 308
272 , 307
273 , 307
274 , 306
274 , 308
275 , 308
276 , 308
277 , 307
278 , 307
279 , 307
280 , 307
281 , 307
282 , 306
281 , 305
280 , 305
279 , 305
278 , 305
277 , 305
276 , 304
275 , 304
275 , 302
274 , 302
273 , 302
272 , 302
271 , 301
270 , 300
269 , 300
268 , 299
267 , 298
266 , 297
265 , 297
264 , 297
263 , 296
262 , 296
261 , 296
260 , 295
259 , 295
258 , 294
257 , 293
256 , 292
255 , 292
254 , 292
253 , 291
252 , 290
253 , 289
252 , 288
253 , 287
252 , 286
251 , 286
251 , 284
252 , 284
253 , 283
252 , 282
251 , 282
251 , 280
252 , 280
253 , 279
252 , 278
251 , 278
251 , 276
252 , 276
253 , 275
252 , 274
253 , 273
252 , 272
253 , 271
254 , 270
255 , 270
256 , 269
257 , 268
258 , 267
259 , 267
260 , 266
259 , 265
258 , 265
257 , 264
256 , 263
255 , 262
254 , 261
253 , 260
254 , 259
253 , 258
252 , 258
251 , 257
252 , 256
253 , 256
254 , 257
255 , 258
255 , 260
256 , 261
257 , 262
258 , 263
256 , 265
255 , 264
257 , 266
258 , 269
259 , 269
260 , 268
261 , 267
262 , 267
263 , 267
264 , 267
265 , 267
265 , 265
264 , 265
263 , 265
266 , 265
267 , 265
268 , 265
269 , 265
270 , 264
269 , 263
271 , 263
272 , 264
271 , 265
270 , 266
273 , 265
274 , 264
273 , 263
275 , 263
276 , 262
277 , 263
276 , 264
275 , 265
277 , 265
278 , 264
279 , 263
278 , 262
280 , 262
281 , 262
282 , 262
283 , 262
284 , 262
285 , 262
286 , 262
287 , 262
288 , 263
287 , 264
286 , 264
285 , 264
284 , 264
283 , 264
282 , 264
281 , 264
280 , 264
279 , 265
278 , 271
277 , 272
276 , 271
275 , 272
274 , 271
273 , 272
272 , 272
271 , 272
270 , 271
269 , 270
268 , 270
267 , 270
266 , 269
265 , 269
264 , 269
263 , 269
262 , 269
261 , 269
264 , 271
265 , 271
266 , 271
267 , 272
268 , 272
269 , 272
270 , 273
271 , 270
272 , 270
274 , 273
275 , 274
276 , 273
277 , 274
278 , 273
279 , 272
280 , 271
281 , 271
282 , 271
283 , 271
284 , 271
285 , 271
286 , 271
287 , 271
288 , 272
287 , 273
286 , 273
285 , 273
284 , 273
283 , 273
282 , 273
281 , 273
280 , 273
279 , 274
288 , 274
289 , 273
290 , 272
289 , 271
291 , 271
292 , 271
293 , 272
294 , 272
295 , 271
296 , 271
297 , 272
298 , 272
299 , 272
300 , 272
301 , 271
302 , 271
303 , 272
302 , 273
301 , 273
300 , 274
299 , 274
298 , 274
297 , 274
296 , 273
295 , 273
294 , 274
293 , 274
292 , 273
291 , 273
290 , 274
290 , 265
289 , 264
288 , 265
290 , 263
289 , 262
291 , 262
292 , 262
293 , 263
294 , 263
295 , 264
296 , 264
297 , 263
298 , 264
299 , 264
300 , 264
301 , 263
302 , 263
303 , 264
304 , 264
305 , 264
306 , 263
306 , 265
307 , 265
308 , 264
309 , 265
308 , 266
310 , 266
311 , 265
310 , 264
312 , 264
313 , 265
314 , 265
315 , 265
316 , 265
317 , 265
318 , 266
317 , 267
316 , 267
315 , 267
314 , 267
313 , 267
312 , 266
311 , 267
310 , 272
309 , 272
308 , 273
307 , 272
306 , 272
305 , 273
304 , 273
303 , 274
306 , 274
307 , 274
309 , 274
310 , 274
311 , 273
312 , 272
313 , 273
314 , 273
315 , 273
316 , 273
317 , 273
318 , 273
319 , 273
320 , 273
321 , 273
322 , 273
323 , 272
324 , 272
324 , 270
323 , 270
322 , 269
321 , 269
321 , 267
320 , 267
319 , 267
318 , 268
319 , 271
320 , 271
321 , 271
322 , 271
323 , 268
324 , 268
322 , 267
327 , 267
328 , 267
329 , 266
328 , 265
327 , 265
327 , 263
328 , 263
329 , 262
328 , 261
329 , 260
328 , 259
329 , 258
328 , 257
329 , 256
330 , 255
329 , 254
330 , 253
329 , 252
330 , 251
331 , 250
332 , 250
332 , 248
331 , 248
330 , 247
331 , 246
332 , 246
333 , 245
332 , 244
331 , 244
331 , 242
332 , 242
333 , 241
332 , 240
333 , 239
332 , 238
333 , 237
334 , 236
333 , 235
334 , 234
335 , 233
334 , 232
335 , 231
336 , 230
337 , 230
338 , 229
337 , 228
336 , 228
335 , 229
336 , 226
337 , 226
338 , 225
339 , 225
339 , 223
338 , 223
337 , 222
338 , 221
339 , 221
340 , 221
340 , 219
339 , 219
338 , 219
339 , 217
340 , 217
341 , 217
341 , 215
340 , 215
339 , 215
340 , 213
341 , 213
341 , 211
340 , 211
339 , 210
338 , 210
337 , 211
336 , 210
335 , 211
334 , 210
333 , 210
332 , 210
331 , 209
330 , 208
329 , 207
330 , 206
329 , 205
328 , 205
328 , 203
329 , 203
330 , 202
329 , 201
328 , 201
327 , 200
328 , 199
329 , 199
329 , 197
328 , 197
327 , 196
328 , 195
329 , 195
330 , 194
331 , 194
331 , 196
330 , 196
332 , 196
333 , 196
333 , 198
332 , 198
334 , 198
335 , 199
334 , 200
333 , 200
335 , 201
336 , 201
337 , 202
336 , 203
335 , 203
337 , 204
338 , 204
338 , 206
337 , 206
339 , 206
340 , 207
341 , 207
342 , 206
343 , 206
344 , 205
343 , 204
342 , 204
341 , 205
342 , 202
343 , 202
344 , 201
345 , 201
346 , 201
346 , 199
345 , 199
344 , 199
343 , 200
344 , 203
345 , 203
342 , 208
341 , 209
340 , 209
339 , 208
338 , 208
338 , 212
339 , 212
336 , 212
335 , 213
334 , 212
333 , 212
332 , 208
331 , 207
331 , 205
330 , 204
327 , 198
327 , 194
326 , 193
327 , 192
326 , 191
325 , 191
325 , 189
326 , 189
327 , 188
326 , 187
325 , 187
324 , 186
323 , 186
322 , 186
321 , 186
321 , 184
320 , 184
320 , 182
319 , 182
319 , 180
320 , 180
321 , 180
321 , 178
320 , 178
319 , 178
318 , 177
319 , 176
320 , 176
320 , 174
319 , 174
318 , 173
319 , 172
320 , 172
320 , 170
319 , 170
318 , 171
319 , 168
320 , 168
321 , 167
320 , 166
319 , 166
320 , 164
321 , 163
322 , 162
321 , 161
322 , 160
323 , 159
324 , 158
323 , 157
324 , 156
325 , 155
326 , 155
326 , 153
325 , 153
324 , 152
325 , 151
326 , 151
327 , 151
328 , 150
327 , 149
326 , 149
325 , 149
324 , 148
325 , 147
326 , 147
327 , 147
328 , 148
329 , 147
330 , 146
329 , 145
330 , 144
331 , 143
330 , 142
331 , 141
332 , 142
333 , 141
334 , 141
335 , 140
336 , 140
337 , 140
338 , 140
339 , 139
340 , 139
341 , 138
342 , 138
343 , 138
344 , 139
345 , 139
346 , 138
347 , 139
346 , 140
345 , 141
344 , 141
343 , 140
342 , 140
341 , 140
340 , 141
339 , 141
338 , 142
337 , 142
336 , 142
335 , 142
334 , 143
333 , 143
332 , 144
331 , 145
330 , 148
329 , 149
327 , 153
324 , 154
325 , 157
326 , 157
326 , 159
325 , 159
324 , 160
323 , 161
325 , 161
326 , 161
327 , 160
327 , 162
326 , 163
325 , 163
325 , 165
326 , 165
327 , 164
327 , 166
326 , 167
325 , 167
325 , 169
326 , 169
327 , 168
327 , 170
326 , 171
325 , 171
325 , 173
326 , 173
327 , 172
327 , 174
326 , 175
325 , 175
325 , 177
326 , 177
327 , 176
327 , 178
326 , 179
325 , 179
326 , 181
327 , 180
328 , 179
328 , 181
327 , 182
326 , 183
327 , 184
326 , 185
327 , 186
328 , 185
328 , 183
328 , 187
328 , 189
327 , 190
328 , 191
328 , 193
329 , 193
324 , 188
323 , 188
323 , 184
322 , 184
322 , 182
321 , 182
318 , 179
318 , 175
321 , 169
321 , 165
322 , 164
324 , 150
324 , 146
325 , 145
324 , 144
323 , 144
323 , 142
322 , 142
321 , 141
320 , 141
319 , 140
318 , 139
317 , 138
316 , 138
315 , 137
316 , 136
315 , 135
314 , 135
313 , 134
314 , 133
315 , 133
316 , 134
315 , 131
314 , 131
313 , 130
312 , 129
313 , 128
312 , 127
313 , 126
312 , 125
313 , 124
312 , 123
313 , 122
314 , 121
315 , 121
315 , 119
314 , 119
313 , 120
314 , 117
315 , 117
316 , 117
317 , 116
316 , 115
315 , 115
315 , 113
316 , 113
317 , 112
316 , 111
317 , 110
318 , 109
317 , 108
318 , 107
319 , 106
320 , 106
320 , 104
319 , 104
318 , 103
319 , 102
320 , 102
321 , 101
320 , 100
319 , 100
320 , 98
321 , 97
320 , 96
321 , 95
322 , 94
321 , 93
322 , 92
321 , 91
322 , 90
323 , 89
324 , 89
324 , 87
323 , 87
322 , 86
323 , 85
324 , 85
325 , 85
325 , 83
324 , 83
323 , 83
323 , 81
324 , 81
325 , 81
326 , 80
325 , 79
324 , 79
324 , 77
325 , 77
326 , 76
325 , 75
324 , 75
325 , 73
326 , 72
327 , 72
327 , 70
326 , 70
325 , 69
326 , 68
327 , 68
327 , 66
326 , 66
325 , 65
326 , 64
325 , 63
324 , 63
323 , 62
322 , 62
321 , 61
322 , 60
323 , 60
324 , 59
325 , 59
326 , 58
325 , 57
324 , 57
323 , 56
322 , 56
322 , 54
323 , 54
324 , 55
325 , 55
326 , 54
327 , 53
328 , 53
329 , 52
330 , 52
330 , 50
329 , 50
328 , 51
329 , 54
328 , 55
327 , 55
326 , 56
323 , 58
322 , 58
321 , 59
324 , 61
325 , 61
326 , 62
322 , 64
321 , 63
320 , 64
321 , 65
320 , 66
321 , 67
320 , 68
321 , 69
320 , 70
319 , 70
319 , 72
320 , 72
321 , 71
320 , 74
319 , 74
318 , 73
318 , 75
317 , 76
318 , 77
317 , 78
318 , 79
317 , 80
316 , 80
316 , 82
315 , 82
315 , 84
314 , 84
314 , 86
315 , 86
316 , 86
316 , 84
317 , 84
317 , 82
318 , 81
319 , 80
319 , 78
319 , 76
320 , 76
326 , 74
327 , 74
325 , 71
325 , 67
322 , 66
326 , 78
326 , 82
325 , 87
322 , 88
323 , 91
324 , 91
323 , 93
323 , 95
322 , 96
323 , 97
322 , 98
321 , 99
322 , 100
321 , 103
318 , 105
319 , 108
319 , 110
318 , 111
318 , 113
317 , 114
313 , 112
312 , 112
311 , 112
310 , 111
309 , 111
308 , 111
307 , 111
307 , 109
308 , 109
309 , 109
309 , 107
308 , 107
307 , 107
306 , 106
307 , 105
306 , 104
305 , 104
304 , 103
303 , 103
303 , 105
302 , 105
301 , 105
300 , 106
301 , 107
302 , 107
300 , 108
299 , 108
298 , 109
297 , 108
297 , 110
296 , 110
295 , 110
294 , 111
293 , 111
292 , 110
291 , 110
290 , 109
291 , 108
292 , 108
293 , 107
294 , 107
294 , 105
295 , 105
296 , 104
295 , 103
296 , 102
297 , 102
298 , 102
298 , 100
297 , 100
296 , 100
295 , 99
294 , 99
293 , 99
292 , 99
292 , 101
291 , 101
290 , 100
290 , 102
289 , 102
288 , 102
287 , 102
286 , 103
285 , 104
286 , 105
285 , 106
284 , 106
283 , 107
282 , 108
283 , 109
282 , 110
281 , 110
281 , 112
282 , 112
283 , 111
284 , 110
284 , 108
285 , 108
286 , 107
287 , 106
287 , 104
288 , 104
289 , 104
293 , 101
296 , 98
297 , 98
298 , 98
299 , 98
299 , 100
304 , 101
305 , 100
306 , 100
307 , 99
308 , 99
309 , 98
308 , 97
307 , 97
306 , 96
305 , 96
304 , 95
305 , 94
306 , 94
306 , 92
305 , 92
304 , 91
305 , 90
306 , 90
306 , 88
305 , 88
304 , 89
305 , 86
306 , 86
307 , 86
307 , 84
306 , 84
305 , 84
305 , 82
306 , 82
307 , 82
307 , 80
306 , 80
305 , 80
305 , 78
306 , 78
307 , 78
306 , 76
305 , 76
304 , 76
303 , 76
302 , 75
303 , 74
304 , 74
305 , 74
306 , 74
303 , 72
302 , 71
301 , 71
300 , 72
301 , 73
302 , 73
299 , 74
298 , 74
297 , 75
296 , 75
295 , 74
294 , 73
293 , 73
293 , 75
294 , 75
295 , 76
294 , 77
293 , 77
292 , 76
292 , 78
291 , 78
290 , 77
289 , 77
288 , 77
287 , 77
287 , 75
288 , 75
289 , 75
289 , 73
288 , 73
287 , 73
287 , 71
288 , 71
289 , 71
289 , 69
288 , 69
287 , 69
287 , 67
286 , 67
286 , 65
285 , 65
284 , 65
284 , 63
283 , 63
282 , 63
281 , 63
280 , 63
279 , 63
278 , 62
277 , 62
276 , 61
275 , 60
274 , 59
273 , 58
274 , 57
275 , 56
274 , 55
275 , 54
276 , 53
275 , 52
276 , 51
277 , 50
276 , 49
275 , 49
275 , 47
274 , 47
273 , 47
272 , 46
271 , 45
270 , 46
269 , 45
268 , 45
267 , 45
266 , 44
265 , 44
264 , 44
263 , 44
262 , 44
261 , 45
260 , 46
261 , 47
260 , 48
259 , 48
259 , 50
260 , 50
261 , 49
262 , 48
262 , 46
263 , 46
264 , 46
265 , 46
266 , 46
267 , 47
268 , 47
269 , 47
270 , 48
271 , 47
272 , 48
273 , 45
274 , 45
276 , 47
277 , 48
278 , 49
278 , 51
277 , 52
277 , 54
276 , 55
276 , 57
275 , 58
276 , 59
277 , 60
278 , 60
279 , 61
280 , 61
281 , 61
282 , 61
283 , 61
285 , 63
286 , 63
287 , 65
288 , 65
288 , 67
295 , 68
296 , 67
297 , 67
298 , 66
299 , 66
300 , 66
301 , 67
302 , 67
302 , 69
301 , 69
300 , 68
299 , 68
298 , 68
297 , 69
296 , 69
295 , 70
294 , 71
295 , 72
296 , 71
296 , 77
297 , 77
295 , 78
294 , 79
295 , 80
294 , 81
293 , 82
294 , 83
293 , 84
292 , 85
293 , 86
292 , 87
291 , 88
292 , 89
291 , 90
292 , 91
291 , 92
290 , 93
291 , 94
292 , 93
293 , 93
294 , 94
293 , 95
292 , 95
291 , 96
294 , 96
295 , 95
295 , 93
296 , 93
297 , 93
298 , 92
297 , 91
298 , 90
299 , 89
300 , 89
300 , 87
299 , 87
298 , 88
299 , 91
301 , 87
301 , 85
300 , 85
300 , 83
301 , 83
302 , 83
302 , 81
301 , 81
301 , 79
302 , 79
303 , 78
302 , 77
296 , 79
295 , 82
294 , 85
294 , 87
293 , 88
293 , 90
289 , 83
288 , 83
288 , 81
287 , 81
287 , 79
288 , 79
289 , 79
290 , 79
291 , 80
290 , 81
289 , 81
302 , 85
304 , 93
304 , 97
305 , 98
306 , 98
307 , 101
306 , 102
305 , 102
304 , 105
310 , 106
311 , 105
312 , 106
313 , 106
313 , 108
312 , 108
311 , 107
314 , 108
314 , 110
313 , 110
310 , 113
309 , 113
308 , 113
307 , 113
307 , 115
308 , 115
309 , 115
308 , 117
307 , 117
306 , 116
306 , 118
307 , 119
308 , 119
308 , 121
307 , 121
306 , 120
306 , 122
307 , 123
308 , 123
308 , 125
307 , 125
306 , 124
306 , 126
307 , 127
308 , 127
308 , 129
307 , 129
306 , 128
307 , 131
308 , 131
309 , 130
309 , 132
308 , 133
307 , 133
307 , 135
308 , 135
309 , 134
309 , 136
308 , 137
309 , 138
308 , 139
309 , 140
310 , 139
311 , 139
311 , 141
310 , 141
310 , 143
311 , 143
312 , 142
312 , 144
313 , 144
314 , 144
315 , 145
314 , 146
313 , 146
314 , 148
315 , 147
316 , 147
316 , 149
315 , 149
314 , 150
313 , 151
312 , 151
311 , 151
311 , 153
310 , 153
309 , 153
309 , 155
308 , 155
307 , 156
306 , 156
305 , 156
305 , 158
304 , 158
303 , 159
302 , 159
301 , 159
300 , 159
300 , 161
299 , 161
298 , 160
297 , 161
296 , 162
295 , 163
294 , 163
293 , 163
292 , 164
291 , 164
290 , 164
289 , 164
288 , 163
287 , 164
286 , 164
285 , 164
284 , 164
283 , 163
282 , 163
281 , 163
280 , 162
279 , 162
278 , 161
277 , 161
277 , 159
278 , 159
279 , 158
278 , 157
277 , 157
276 , 156
275 , 155
274 , 154
275 , 153
274 , 152
275 , 151
274 , 150
275 , 149
276 , 148
275 , 147
274 , 146
273 , 145
272 , 144
271 , 143
270 , 144
269 , 143
268 , 143
267 , 143
266 , 143
265 , 143
264 , 144
263 , 144
262 , 144
261 , 144
260 , 143
259 , 143
258 , 142
257 , 141
256 , 140
255 , 139
254 , 138
253 , 138
252 , 139
251 , 139
250 , 139
249 , 139
248 , 139
247 , 138
246 , 138
245 , 137
244 , 137
243 , 136
242 , 135
241 , 135
240 , 135
239 , 136
238 , 135
237 , 134
236 , 134
235 , 134
234 , 134
233 , 134
232 , 135
231 , 134
230 , 134
229 , 134
228 , 135
227 , 136
226 , 136
225 , 135
224 , 135
223 , 135
222 , 135
221 , 135
220 , 135
219 , 136
218 , 136
217 , 137
216 , 136
215 , 136
214 , 136
213 , 136
212 , 136
211 , 137
210 , 136
209 , 137
208 , 138
207 , 137
206 , 138
205 , 138
204 , 138
203 , 138
202 , 138
201 , 137
200 , 137
199 , 137
198 , 137
197 , 136
196 , 135
195 , 136
194 , 135
193 , 135
192 , 135
191 , 134
190 , 133
189 , 134
188 , 133
187 , 133
186 , 133
185 , 132
184 , 132
183 , 132
182 , 133
181 , 132
180 , 133
179 , 133
178 , 132
177 , 132
176 , 132
175 , 133
174 , 133
173 , 132
172 , 133
171 , 132
170 , 133
169 , 133
168 , 132
167 , 131
166 , 131
165 , 132
164 , 132
163 , 131
162 , 131
161 , 130
160 , 129
159 , 129
158 , 128
157 , 127
156 , 127
155 , 126
154 , 127
153 , 126
152 , 126
151 , 126
150 , 125
149 , 124
148 , 124
147 , 123
146 , 123
145 , 123
144 , 123
143 , 122
142 , 123
141 , 123
140 , 122
139 , 123
138 , 123
137 , 123
136 , 122
135 , 123
134 , 123
133 , 122
132 , 122
131 , 122
130 , 122
129 , 122
128 , 123
127 , 122
126 , 123
125 , 123
124 , 122
123 , 123
122 , 122
121 , 122
120 , 122
119 , 123
118 , 122
117 , 122
116 , 123
115 , 123
114 , 122
113 , 122
112 , 123
111 , 122
110 , 122
109 , 122
108 , 123
107 , 122
106 , 122
106 , 124
105 , 124
104 , 123
103 , 124
102 , 123
101 , 124
100 , 124
99 , 123
98 , 124
97 , 123
96 , 123
95 , 124
94 , 123
93 , 123
92 , 123
91 , 123
90 , 123
89 , 124
88 , 123
87 , 123
86 , 123
85 , 123
84 , 123
83 , 123
82 , 124
81 , 123
80 , 123
79 , 124
78 , 123
77 , 124
76 , 123
75 , 123
74 , 123
73 , 123
72 , 123
71 , 123
70 , 124
69 , 124
68 , 123
67 , 124
66 , 125
65 , 124
64 , 125
63 , 124
62 , 125
61 , 124
60 , 125
59 , 125
58 , 125
57 , 125
56 , 124
55 , 124
54 , 125
53 , 124
52 , 125
51 , 125
50 , 125
49 , 125
48 , 125
47 , 125
46 , 125
45 , 125
44 , 125
43 , 125
42 , 125
41 , 124
40 , 125
39 , 124
38 , 125
37 , 124
36 , 124
35 , 124
34 , 123
33 , 124
32 , 123
31 , 124
30 , 123
29 , 123
28 , 123
27 , 123
26 , 123
25 , 124
24 , 123
23 , 122
22 , 122
21 , 122
20 , 122
19 , 123
18 , 122
17 , 123
16 , 122
15 , 123
14 , 122
13 , 122
12 , 122
11 , 123
10 , 123
9 , 124
10 , 125
11 , 125
12 , 124
13 , 124
14 , 124
16 , 124
18 , 124
20 , 124
21 , 124
22 , 124
23 , 124
24 , 125
26 , 125
27 , 125
28 , 125
29 , 125
30 , 125
31 , 126
32 , 125
33 , 126
34 , 125
35 , 126
36 , 126
37 , 126
39 , 126
41 , 126
42 , 127
43 , 127
44 , 127
45 , 127
46 , 127
47 , 127
48 , 127
49 , 127
50 , 127
51 , 127
52 , 127
53 , 126
54 , 127
55 , 126
56 , 126
57 , 127
58 , 127
59 , 127
61 , 126
63 , 126
65 , 126
67 , 126
68 , 125
69 , 126
70 , 126
71 , 125
72 , 125
73 , 125
74 , 125
75 , 125
76 , 125
77 , 126
78 , 125
79 , 126
80 , 125
81 , 125
82 , 126
83 , 125
84 , 125
85 , 125
86 , 125
87 , 125
88 , 125
89 , 126
90 , 125
91 , 125
92 , 125
93 , 125
94 , 125
95 , 126
96 , 125
97 , 125
98 , 126
99 , 125
102 , 125
104 , 125
107 , 124
108 , 125
109 , 124
110 , 124
111 , 124
112 , 125
113 , 124
114 , 124
115 , 125
116 , 125
117 , 124
118 , 124
119 , 125
120 , 124
121 , 124
122 , 124
123 , 125
124 , 124
125 , 125
126 , 125
127 , 124
128 , 125
129 , 124
130 , 124
131 , 124
132 , 124
133 , 124
134 , 125
135 , 125
136 , 124
137 , 125
138 , 125
139 , 125
140 , 124
141 , 125
142 , 125
143 , 124
144 , 125
145 , 125
146 , 125
147 , 125
148 , 126
149 , 126
150 , 127
152 , 128
153 , 128
154 , 129
155 , 128
156 , 129
157 , 129
158 , 130
157 , 131
159 , 131
160 , 131
161 , 132
162 , 133
163 , 133
164 , 134
165 , 134
166 , 133
167 , 133
168 , 134
170 , 135
171 , 134
172 , 135
173 , 134
174 , 135
175 , 135
176 , 134
177 , 134
178 , 134
179 , 135
180 , 135
181 , 134
182 , 135
183 , 134
184 , 134
185 , 134
186 , 135
187 , 135
188 , 135
189 , 136
190 , 135
191 , 136
192 , 137
193 , 137
194 , 137
195 , 138
196 , 137
197 , 138
198 , 139
199 , 139
200 , 139
201 , 139
204 , 140
205 , 140
206 , 140
207 , 139
209 , 139
210 , 138
211 , 139
212 , 138
213 , 138
214 , 138
215 , 138
216 , 138
217 , 139
218 , 138
219 , 138
220 , 137
221 , 137
222 , 137
223 , 137
224 , 137
225 , 137
228 , 137
229 , 136
230 , 136
231 , 136
232 , 137
233 , 136
234 , 136
235 , 136
236 , 136
237 , 136
238 , 137
240 , 137
241 , 137
242 , 137
243 , 138
244 , 135
246 , 136
247 , 136
248 , 137
249 , 137
250 , 137
251 , 137
253 , 140
254 , 140
255 , 141
256 , 142
258 , 140
257 , 139
259 , 141
260 , 141
261 , 142
262 , 142
260 , 145
259 , 146
258 , 147
257 , 148
258 , 149
257 , 150
256 , 151
257 , 152
256 , 153
255 , 154
254 , 155
255 , 156
254 , 157
253 , 158
254 , 159
253 , 160
254 , 161
253 , 162
252 , 162
252 , 164
253 , 164
254 , 163
255 , 162
256 , 161
255 , 160
256 , 159
255 , 158
256 , 157
257 , 156
256 , 155
257 , 154
259 , 155
260 , 154
261 , 154
262 , 154
262 , 152
261 , 152
263 , 152
263 , 150
262 , 150
262 , 148
263 , 148
264 , 148
264 , 146
263 , 146
262 , 146
261 , 146
260 , 147
259 , 148
258 , 151
260 , 156
261 , 156
259 , 157
258 , 157
257 , 158
258 , 159
257 , 160
256 , 163
255 , 164
254 , 165
253 , 166
252 , 166
251 , 165
251 , 167
250 , 168
251 , 169
250 , 170
251 , 171
250 , 172
249 , 172
249 , 174
248 , 174
248 , 176
247 , 176
247 , 178
248 , 178
249 , 178
250 , 178
251 , 177
250 , 176
249 , 176
250 , 174
251 , 173
252 , 172
252 , 170
252 , 168
253 , 168
254 , 167
251 , 175
251 , 179
250 , 180
249 , 180
248 , 180
247 , 180
246 , 179
246 , 181
245 , 182
246 , 183
245 , 184
246 , 185
245 , 186
244 , 186
244 , 188
245 , 188
246 , 187
246 , 189
245 , 190
244 , 190
244 , 192
245 , 192
246 , 191
246 , 193
245 , 194
244 , 194
244 , 196
245 , 196
246 , 195
245 , 198
244 , 198
243 , 199
242 , 198
241 , 198
240 , 197
239 , 196
238 , 195
237 , 195
237 , 193
236 , 193
235 , 192
236 , 191
237 , 191
235 , 190
234 , 190
233 , 189
232 , 189
232 , 187
231 , 187
231 , 185
230 , 185
229 , 184
228 , 184
227 , 183
226 , 182
225 , 182
224 , 181
223 , 181
222 , 180
221 , 180
220 , 180
219 , 179
218 , 178
217 , 178
216 , 177
215 , 177
214 , 177
213 , 176
212 , 176
211 , 177
210 , 176
209 , 177
208 , 176
207 , 175
206 , 176
205 , 176
204 , 176
203 , 176
202 , 176
201 , 175
200 , 175
199 , 174
198 , 174
197 , 173
196 , 172
195 , 173
194 , 172
193 , 172
192 , 172
191 , 171
190 , 170
189 , 171
188 , 171
187 , 170
186 , 170
185 , 170
184 , 170
183 , 169
182 , 168
181 , 167
180 , 167
179 , 167
178 , 167
177 , 167
176 , 167
175 , 167
174 , 167
173 , 167
172 , 166
171 , 165
170 , 165
169 , 164
168 , 163
167 , 163
166 , 163
165 , 162
164 , 161
163 , 161
162 , 161
161 , 161
160 , 161
159 , 161
158 , 161
157 , 160
156 , 160
155 , 159
154 , 159
153 , 159
152 , 159
151 , 158
150 , 158
149 , 158
148 , 158
147 , 157
146 , 157
145 , 157
144 , 158
143 , 157
142 , 158
141 , 158
140 , 157
139 , 158
138 , 158
137 , 158
136 , 158
135 , 157
134 , 157
133 , 156
132 , 156
131 , 156
130 , 156
129 , 156
128 , 157
127 , 156
126 , 157
125 , 157
124 , 156
123 , 156
122 , 155
121 , 155
120 , 155
119 , 156
118 , 156
117 , 156
116 , 155
115 , 155
114 , 154
113 , 153
112 , 154
111 , 154
110 , 154
109 , 154
108 , 154
107 , 153
106 , 152
105 , 152
104 , 151
103 , 151
102 , 150
101 , 150
100 , 150
99 , 150
98 , 150
97 , 150
97 , 148
96 , 148
95 , 147
94 , 147
93 , 147
92 , 146
91 , 146
90 , 145
89 , 144
88 , 143
87 , 142
86 , 142
85 , 142
84 , 141
83 , 141
82 , 142
81 , 141
80 , 141
79 , 141
78 , 140
77 , 141
76 , 140
75 , 140
74 , 140
73 , 140
72 , 140
71 , 140
70 , 141
69 , 141
68 , 140
67 , 141
66 , 140
65 , 141
64 , 140
63 , 141
62 , 141
61 , 142
60 , 141
60 , 143
59 , 143
58 , 143
57 , 143
56 , 143
55 , 143
54 , 144
53 , 143
52 , 144
51 , 143
50 , 143
49 , 143
48 , 143
47 , 142
46 , 142
45 , 142
44 , 142
43 , 141
42 , 141
41 , 141
40 , 141
39 , 140
38 , 139
37 , 139
36 , 139
35 , 139
34 , 138
33 , 138
32 , 137
31 , 137
30 , 136
29 , 136
28 , 135
27 , 135
26 , 135
25 , 134
24 , 135
23 , 135
22 , 135
21 , 135
20 , 134
19 , 134
18 , 134
17 , 133
16 , 133
15 , 132
14 , 132
13 , 131
12 , 130
11 , 129
10 , 129
10 , 127
11 , 127
12 , 126
12 , 128
13 , 129
14 , 130
15 , 130
16 , 131
17 , 131
18 , 132
19 , 132
20 , 132
21 , 133
22 , 133
23 , 133
25 , 136
24 , 137
23 , 137
26 , 137
27 , 137
28 , 137
29 , 138
30 , 138
31 , 139
32 , 139
33 , 140
34 , 140
35 , 141
36 , 141
37 , 141
38 , 141
39 , 142
41 , 143
42 , 143
43 , 143
44 , 144
45 , 144
46 , 144
47 , 144
48 , 145
49 , 145
50 , 145
51 , 145
53 , 145
54 , 146
55 , 145
56 , 145
57 , 145
58 , 145
59 , 145
61 , 144
62 , 143
63 , 143
64 , 142
65 , 143
66 , 142
67 , 143
68 , 142
71 , 142
72 , 142
73 , 142
74 , 142
75 , 142
76 , 142
77 , 143
78 , 142
79 , 143
80 , 143
81 , 143
82 , 144
83 , 143
84 , 143
85 , 144
86 , 144
87 , 144
88 , 145
89 , 146
90 , 147
91 , 144
92 , 144
93 , 145
94 , 145
96 , 146
97 , 146
98 , 148
99 , 148
100 , 148
101 , 148
103 , 149
105 , 150
106 , 150
107 , 151
108 , 152
109 , 152
110 , 152
111 , 152
113 , 155
112 , 156
111 , 156
114 , 156
115 , 157
116 , 157
117 , 154
118 , 154
120 , 157
121 , 157
122 , 157
123 , 158
124 , 158
125 , 159
126 , 159
127 , 158
128 , 159
129 , 158
130 , 158
131 , 158
132 , 158
133 , 158
134 , 159
135 , 159
136 , 156
139 , 160
140 , 159
141 , 160
142 , 160
143 , 159
144 , 160
145 , 159
146 , 159
147 , 159
148 , 160
149 , 160
150 , 160
151 , 160
153 , 161
154 , 161
155 , 161
156 , 158
158 , 159
159 , 159
160 , 159
161 , 159
162 , 163
163 , 163
164 , 163
165 , 164
166 , 161
167 , 161
169 , 162
170 , 163
171 , 163
172 , 164
173 , 163
173 , 165
174 , 165
175 , 165
176 , 165
177 , 165
178 , 165
179 , 169
180 , 169
181 , 169
182 , 170
183 , 171
184 , 168
185 , 168
183 , 167
188 , 169
187 , 172
186 , 172
188 , 173
189 , 173
190 , 172
191 , 173
192 , 174
193 , 174
194 , 174
195 , 175
196 , 174
197 , 175
198 , 176
199 , 176
200 , 177
201 , 177
202 , 174
203 , 174
204 , 178
205 , 178
206 , 178
207 , 177
208 , 178
209 , 179
210 , 178
211 , 179
212 , 178
213 , 178
214 , 179
215 , 179
216 , 179
217 , 180
218 , 180
219 , 181
220 , 178
221 , 178
222 , 178
223 , 179
224 , 179
225 , 180
226 , 180
227 , 181
228 , 182
229 , 182
230 , 183
231 , 183
232 , 185
233 , 185
234 , 186
233 , 187
234 , 188
235 , 188
236 , 189
238 , 193
239 , 194
238 , 197
239 , 198
240 , 199
241 , 200
242 , 200
243 , 201
242 , 202
243 , 203
244 , 202
245 , 202
246 , 203
245 , 204
244 , 204
243 , 205
244 , 206
245 , 206
246 , 205
247 , 204
248 , 205
247 , 206
246 , 207
245 , 208
244 , 208
243 , 207
243 , 209
244 , 210
245 , 210
245 , 212
244 , 212
243 , 211
243 , 213
244 , 214
245 , 214
246 , 213
246 , 215
245 , 216
244 , 216
243 , 215
243 , 217
244 , 218
245 , 218
246 , 217
246 , 219
245 , 220
244 , 220
244 , 222
245 , 222
246 , 221
246 , 223
245 , 224
244 , 224
244 , 226
245 , 226
246 , 225
247 , 226
246 , 227
245 , 228
244 , 228
245 , 230
246 , 229
247 , 228
247 , 230
246 , 231
245 , 232
246 , 233
245 , 234
246 , 235
245 , 236
246 , 237
247 , 236
248 , 236
248 , 234
247 , 234
247 , 232
247 , 238
248 , 238
249 , 239
248 , 240
247 , 240
246 , 239
246 , 241
247 , 242
248 , 242
249 , 241
249 , 243
248 , 244
247 , 244
248 , 246
249 , 245
250 , 244
250 , 246
249 , 247
248 , 248
249 , 249
250 , 248
251 , 249
250 , 250
249 , 251
250 , 252
251 , 251
252 , 252
251 , 253
250 , 254
251 , 255
252 , 254
253 , 254
257 , 270
256 , 271
255 , 272
254 , 272
254 , 274
254 , 276
253 , 277
253 , 281
253 , 285
254 , 286
254 , 288
254 , 290
255 , 290
255 , 294
254 , 294
256 , 294
257 , 295
258 , 296
260 , 297
262 , 298
263 , 298
265 , 299
266 , 299
267 , 300
269 , 298
271 , 299
272 , 300
273 , 300
276 , 302
277 , 303
278 , 303
278 , 309
277 , 309
279 , 309
280 , 309
281 , 309
282 , 308
283 , 307
284 , 307
285 , 308
284 , 309
283 , 309
282 , 310
281 , 311
283 , 311
284 , 311
285 , 310
286 , 309
287 , 309
287 , 311
286 , 311
288 , 311
289 , 310
290 , 311
289 , 312
288 , 313
289 , 314
290 , 313
291 , 312
292 , 311
291 , 310
292 , 309
293 , 310
294 , 310
295 , 309
296 , 308
297 , 309
298 , 309
299 , 308
300 , 308
301 , 307
302 , 306
303 , 306
304 , 305
305 , 304
306 , 305
305 , 306
304 , 307
303 , 308
302 , 308
301 , 309
300 , 310
299 , 310
298 , 311
297 , 311
296 , 310
295 , 311
293 , 312
292 , 313
291 , 314
292 , 315
293 , 315
294 , 315
294 , 317
293 , 317
295 , 317
296 , 316
296 , 318
297 , 318
298 , 318
299 , 319
298 , 320
297 , 320
295 , 319
299 , 321
300 , 320
301 , 320
302 , 321
301 , 322
300 , 322
301 , 324
302 , 323
303 , 322
304 , 322
304 , 324
303 , 324
302 , 325
304 , 326
305 , 326
306 , 325
305 , 324
307 , 326
306 , 327
307 , 328
308 , 327
309 , 328
308 , 329
309 , 330
310 , 329
311 , 329
312 , 329
313 , 330
312 , 331
311 , 331
310 , 331
313 , 332
314 , 332
315 , 333
316 , 333
316 , 335
315 , 335
314 , 334
317 , 335
318 , 335
319 , 336
318 , 339
317 , 339
316 , 339
315 , 339
314 , 338
313 , 338
312 , 339
311 , 338
310 , 339
308 , 338
307 , 338
306 , 337
305 , 337
304 , 338
303 , 337
302 , 338
301 , 338
300 , 337
299 , 337
298 , 337
297 , 338
296 , 337
295 , 338
294 , 337
293 , 338
292 , 337
291 , 337
290 , 337
289 , 338
288 , 338
287 , 337
286 , 337
285 , 337
284 , 338
283 , 338
280 , 338
279 , 338
278 , 338
277 , 339
276 , 338
275 , 338
274 , 338
273 , 339
272 , 339
271 , 340
270 , 340
269 , 339
268 , 340
267 , 340
266 , 340
265 , 340
264 , 340
263 , 341
262 , 341
261 , 342
260 , 342
259 , 342
257 , 344
256 , 344
255 , 344
252 , 346
250 , 346
249 , 345
248 , 344
247 , 344
247 , 346
248 , 346
249 , 347
248 , 348
247 , 348
246 , 347
245 , 347
244 , 348
243 , 348
242 , 348
241 , 348
240 , 348
239 , 349
238 , 350
237 , 349
236 , 350
235 , 350
234 , 351
233 , 351
232 , 352
231 , 353
230 , 352
229 , 353
228 , 353
227 , 353
226 , 354
225 , 354
224 , 355
223 , 355
222 , 355
221 , 356
220 , 356
220 , 358
219 , 358
218 , 358
217 , 359
216 , 358
215 , 358
214 , 359
213 , 359
212 , 359
211 , 359
210 , 358
209 , 359
208 , 359
207 , 358
206 , 358
205 , 358
204 , 358
203 , 357
202 , 357
201 , 358
200 , 358
199 , 358
198 , 359
197 , 358
196 , 358
195 , 359
194 , 359
193 , 360
192 , 361
191 , 361
190 , 361
190 , 363
189 , 363
188 , 364
187 , 364
187 , 366
186 , 366
185 , 366
184 , 367
185 , 368
186 , 368
187 , 368
188 , 369
189 , 369
190 , 368
191 , 369
190 , 370
192 , 370
192 , 368
193 , 368
194 , 367
195 , 367
196 , 367
197 , 366
196 , 365
198 , 365
199 , 365
200 , 365
201 , 364
202 , 364
203 , 364
204 , 363
205 , 363
206 , 363
207 , 362
208 , 361
209 , 361
210 , 360
211 , 361
212 , 361
213 , 361
214 , 361
215 , 360
216 , 360
217 , 361
216 , 362
215 , 362
218 , 362
219 , 362
220 , 362
221 , 362
222 , 361
222 , 363
223 , 363
224 , 363
225 , 362
226 , 362
227 , 362
228 , 362
229 , 362
230 , 362
231 , 363
230 , 364
229 , 364
228 , 364
227 , 364
226 , 364
225 , 364
231 , 365
232 , 364
233 , 364
234 , 364
235 , 364
236 , 364
237 , 364
238 , 364
239 , 363
238 , 362
237 , 362
236 , 362
235 , 362
234 , 362
233 , 362
232 , 362
231 , 355
230 , 354
229 , 355
228 , 355
227 , 355
226 , 356
225 , 356
224 , 357
223 , 357
222 , 357
221 , 358
220 , 360
219 , 360
218 , 360
210 , 362
209 , 363
208 , 363
207 , 364
205 , 365
204 , 365
203 , 366
202 , 366
201 , 366
200 , 367
199 , 367
198 , 367
197 , 368
194 , 369
188 , 371
187 , 370
186 , 370
185 , 370
184 , 369
183 , 369
182 , 370
181 , 370
181 , 372
180 , 372
179 , 372
178 , 372
177 , 372
176 , 373
175 , 374
174 , 374
173 , 375
172 , 375
171 , 375
170 , 376
169 , 375
169 , 377
168 , 377
167 , 376
166 , 376
166 , 378
165 , 378
164 , 378
163 , 378
162 , 379
161 , 378
160 , 379
159 , 379
158 , 380
157 , 380
156 , 380
156 , 382
155 , 382
154 , 382
153 , 383
152 , 382
152 , 384
151 , 384
150 , 384
149 , 385
148 , 385
147 , 385
146 , 386
145 , 386
145 , 388
144 , 388
143 , 388
143 , 390
142 , 390
141 , 391
140 , 391
141 , 393
142 , 392
143 , 392
143 , 394
142 , 394
143 , 396
144 , 395
145 , 394
146 , 394
147 , 394
148 , 394
149 , 395
148 , 396
147 , 396
146 , 396
145 , 396
149 , 397
150 , 396
151 , 395
150 , 394
152 , 394
153 , 394
154 , 394
155 , 393
156 , 393
157 , 393
158 , 393
159 , 392
158 , 391
157 , 391
159 , 390
160 , 389
161 , 389
162 , 389
163 , 388
164 , 387
165 , 387
166 , 387
167 , 387
168 , 387
168 , 385
167 , 385
166 , 385
165 , 385
168 , 383
169 , 383
170 , 383
171 , 383
172 , 382
171 , 381
170 , 381
172 , 380
173 , 379
174 , 378
175 , 378
176 , 377
175 , 376
174 , 376
173 , 377
172 , 377
171 , 377
167 , 378
164 , 380
163 , 380
162 , 381
161 , 380
160 , 381
159 , 381
158 , 382
157 , 382
156 , 384
155 , 384
154 , 384
153 , 385
152 , 386
151 , 386
150 , 386
149 , 387
148 , 387
147 , 387
146 , 388
144 , 390
138 , 396
137 , 396
136 , 395
135 , 396
134 , 397
133 , 396
132 , 397
131 , 397
130 , 398
129 , 399
130 , 400
131 , 399
132 , 399
133 , 398
134 , 399
135 , 398
136 , 397
137 , 398
138 , 398
139 , 398
140 , 398
141 , 398
142 , 399
141 , 400
140 , 400
139 , 400
141 , 402
142 , 401
143 , 401
144 , 402
143 , 403
142 , 403
151 , 397
152 , 396
153 , 396
154 , 396
155 , 395
156 , 395
160 , 393
160 , 391
161 , 391
162 , 391
163 , 390
164 , 389
165 , 389
169 , 385
173 , 381
174 , 380
177 , 376
178 , 376
178 , 374
177 , 374
176 , 375
179 , 374
180 , 374
182 , 372
183 , 371
184 , 371
185 , 372
188 , 366
189 , 365
191 , 363
192 , 363
193 , 362
194 , 361
195 , 361
196 , 360
197 , 360
199 , 360
200 , 360
202 , 359
203 , 359
206 , 360
207 , 360
232 , 354
233 , 353
234 , 353
235 , 352
236 , 352
237 , 351
238 , 352
239 , 351
240 , 350
241 , 350
242 , 350
245 , 349
246 , 349
247 , 350
246 , 351
245 , 351
245 , 353
246 , 353
247 , 352
247 , 354
246 , 355
245 , 355
244 , 354
244 , 356
243 , 356
243 , 358
242 , 358
242 , 360
241 , 360
240 , 360
239 , 361
240 , 362
241 , 362
242 , 362
243 , 360
244 , 360
244 , 358
245 , 357
249 , 341
250 , 338
249 , 337
250 , 336
250 , 334
250 , 332
250 , 330
250 , 328
251 , 328
251 , 326
250 , 326
250 , 324
251 , 324
251 , 322
250 , 322
250 , 320
251 , 320
251 , 318
250 , 318
250 , 316
251 , 316
251 , 314
250 , 314
250 , 312
251 , 312
251 , 310
250 , 310
250 , 308
251 , 308
251 , 306
250 , 306
249 , 303
252 , 302
253 , 301
305 , 308
306 , 307
307 , 306
308 , 306
309 , 305
308 , 304
307 , 304
308 , 302
309 , 303
310 , 302
311 , 302
312 , 302
313 , 301
312 , 300
311 , 300
313 , 299
314 , 298
315 , 297
316 , 297
317 , 296
318 , 296
319 , 295
320 , 296
319 , 297
318 , 298
317 , 298
316 , 299
315 , 299
314 , 300
315 , 301
314 , 302
311 , 304
310 , 304
317 , 300
320 , 298
321 , 297
322 , 297
323 , 297
324 , 297
325 , 296
326 , 296
327 , 296
328 , 295
327 , 294
326 , 294
325 , 294
324 , 295
323 , 295
322 , 295
321 , 295
327 , 291
328 , 291
329 , 290
328 , 289
327 , 289
327 , 287
328 , 287
329 , 286
328 , 285
327 , 285
327 , 283
328 , 283
329 , 282
328 , 281
327 , 281
326 , 280
327 , 279
328 , 279
329 , 278
328 , 277
327 , 277
326 , 278
327 , 275
328 , 275
329 , 274
328 , 273
327 , 273
327 , 271
328 , 271
329 , 270
328 , 269
327 , 269
329 , 268
330 , 265
329 , 264
330 , 263
330 , 261
330 , 259
331 , 258
330 , 257
331 , 256
331 , 254
331 , 252
332 , 252
330 , 249
333 , 247
333 , 243
334 , 242
334 , 240
335 , 239
334 , 238
335 , 237
336 , 236
335 , 235
336 , 234
336 , 232
337 , 232
338 , 227
337 , 224
340 , 223
341 , 219
342 , 215
345 , 197
346 , 197
347 , 197
347 , 195
346 , 195
346 , 193
347 , 193
348 , 193
349 , 193
350 , 192
349 , 191
348 , 191
350 , 190
351 , 189
352 , 189
353 , 188
352 , 187
354 , 187
355 , 187
356 , 187
357 , 187
358 , 186
359 , 187
358 , 188
357 , 189
356 , 189
355 , 189
354 , 189
353 , 190
352 , 191
351 , 191
348 , 195
359 , 189
360 , 188
361 , 187
362 , 187
363 , 187
364 , 187
365 , 186
364 , 185
363 , 185
362 , 185
361 , 185
360 , 186
365 , 188
366 , 187
367 , 187
368 , 186
369 , 186
370 , 185
369 , 184
371 , 184
372 , 185
373 , 185
374 , 184
375 , 185
374 , 186
373 , 187
372 , 187
371 , 186
370 , 187
367 , 185
366 , 185
376 , 184
377 , 183
378 , 184
377 , 185
376 , 186
378 , 186
379 , 185
380 , 185
381 , 184
380 , 183
379 , 183
381 , 182
382 , 183
383 , 182
384 , 183
385 , 183
386 , 182
387 , 181
388 , 181
389 , 181
390 , 181
391 , 180
392 , 180
393 , 181
392 , 182
391 , 182
390 , 183
389 , 183
388 , 183
387 , 183
386 , 184
385 , 185
384 , 185
383 , 184
382 , 185
393 , 183
394 , 182
395 , 182
396 , 182
396 , 180
395 , 180
394 , 180
397 , 180
398 , 180
399 , 179
398 , 178
397 , 178
400 , 178
401 , 177
402 , 178
403 , 178
404 , 177
405 , 176
406 , 177
407 , 177
408 , 177
409 , 177
410 , 177
411 , 177
412 , 176
411 , 175
410 , 175
409 , 175
408 , 175
407 , 175
405 , 178
404 , 179
403 , 180
402 , 180
401 , 179
400 , 180
399 , 181
406 , 179
412 , 174
413 , 173
414 , 174
415 , 174
416 , 173
417 , 173
418 , 173
419 , 172
420 , 171
421 , 172
422 , 172
423 , 172
424 , 171
423 , 170
425 , 170
426 , 170
427 , 170
428 , 170
429 , 169
430 , 170
431 , 170
432 , 170
433 , 170
434 , 169
435 , 169
436 , 168
437 , 168
438 , 169
437 , 170
436 , 170
435 , 171
434 , 171
433 , 168
432 , 168
431 , 168
429 , 171
428 , 172
427 , 172
426 , 172
425 , 172
424 , 173
421 , 174
420 , 173
419 , 174
418 , 175
417 , 175
416 , 175
415 , 176
414 , 176
413 , 175
430 , 172
438 , 171
439 , 170
440 , 170
441 , 170
442 , 169
443 , 169
444 , 169
445 , 169
446 , 168
445 , 167
444 , 167
443 , 167
442 , 167
441 , 168
440 , 168
439 , 168
446 , 170
447 , 169
448 , 168
449 , 168
450 , 168
451 , 167
452 , 167
453 , 167
454 , 166
455 , 166
456 , 167
457 , 167
458 , 167
459 , 167
460 , 166
461 , 167
460 , 168
459 , 169
458 , 169
457 , 169
456 , 169
455 , 168
454 , 168
453 , 169
452 , 169
451 , 169
450 , 170
449 , 170
448 , 170
447 , 167
462 , 166
463 , 166
464 , 165
465 , 165
466 , 166
467 , 166
468 , 166
469 , 165
470 , 164
471 , 164
472 , 165
471 , 166
470 , 166
469 , 167
468 , 168
467 , 168
466 , 168
465 , 167
464 , 167
463 , 168
462 , 168
472 , 167
473 , 166
474 , 166
475 , 165
474 , 164
473 , 164
476 , 164
477 , 163
478 , 163
479 , 164
480 , 164
481 , 164
482 , 163
483 , 163
484 , 162
485 , 163
484 , 164
483 , 165
482 , 165
481 , 166
480 , 166
479 , 166
478 , 165
477 , 165
476 , 166
475 , 167
485 , 165
486 , 164
487 , 163
486 , 162
488 , 162
489 , 162
490 , 162
491 , 162
492 , 161
493 , 161
494 , 161
495 , 161
496 , 161
497 , 161
498 , 161
499 , 160
500 , 160
501 , 160
502 , 159
503 , 159
504 , 160
505 , 160
506 , 160
507 , 159
508 , 159
509 , 158
508 , 157
510 , 157
511 , 157
512 , 157
513 , 156
514 , 156
515 , 156
516 , 155
517 , 155
518 , 155
519 , 154
520 , 154
521 , 153
522 , 153
523 , 152
524 , 153
525 , 153
526 , 154
527 , 154
528 , 155
529 , 155
530 , 156
529 , 157
528 , 157
527 , 156
526 , 156
525 , 155
524 , 155
523 , 154
522 , 155
521 , 155
520 , 156
519 , 156
518 , 157
517 , 157
516 , 157
515 , 158
514 , 158
513 , 158
512 , 159
511 , 159
510 , 159
509 , 160
507 , 161
506 , 158
505 , 158
503 , 161
502 , 161
501 , 162
500 , 162
499 , 162
498 , 163
497 , 163
496 , 163
495 , 163
494 , 163
493 , 163
492 , 163
491 , 164
490 , 164
489 , 164
488 , 164
487 , 165
487 , 140
488 , 139
487 , 138
486 , 138
485 , 137
484 , 136
483 , 137
482 , 136
481 , 137
480 , 137
479 , 137
478 , 136
477 , 136
476 , 136
475 , 137
474 , 136
473 , 137
472 , 136
471 , 135
470 , 135
469 , 135
468 , 136
467 , 136
466 , 136
465 , 135
464 , 135
463 , 136
462 , 136
461 , 136
460 , 135
459 , 136
458 , 135
457 , 135
456 , 135
455 , 136
454 , 136
453 , 135
452 , 136
451 , 135
450 , 136
449 , 136
448 , 136
447 , 135
446 , 136
445 , 137
444 , 136
443 , 136
442 , 136
442 , 138
441 , 138
440 , 138
439 , 138
438 , 139
437 , 139
436 , 139
435 , 140
434 , 141
433 , 140
432 , 140
432 , 142
431 , 142
430 , 142
429 , 141
428 , 142
427 , 142
426 , 142
425 , 141
424 , 142
423 , 143
422 , 143
421 , 143
420 , 142
419 , 142
418 , 143
417 , 143
416 , 143
415 , 143
414 , 143
413 , 144
412 , 143
411 , 144
410 , 144
409 , 143
408 , 143
407 , 143
406 , 144
405 , 143
404 , 144
403 , 144
402 , 145
401 , 144
400 , 144
399 , 145
398 , 144
397 , 144
396 , 145
395 , 145
394 , 145
393 , 145
392 , 144
391 , 144
390 , 145
389 , 144
388 , 144
387 , 145
386 , 145
385 , 144
384 , 144
383 , 143
382 , 144
381 , 143
380 , 144
379 , 144
378 , 143
377 , 142
376 , 143
375 , 142
374 , 141
373 , 142
372 , 142
371 , 141
370 , 141
369 , 140
368 , 141
367 , 140
366 , 140
365 , 140
364 , 139
363 , 139
362 , 139
361 , 139
360 , 140
359 , 140
358 , 140
357 , 139
356 , 139
355 , 139
354 , 138
353 , 139
352 , 138
351 , 139
350 , 139
349 , 139
348 , 138
348 , 140
347 , 141
349 , 141
350 , 141
351 , 141
352 , 140
353 , 141
354 , 140
355 , 141
356 , 141
357 , 141
359 , 142
360 , 142
361 , 141
362 , 141
363 , 141
364 , 141
365 , 142
366 , 142
367 , 142
368 , 143
369 , 142
370 , 143
371 , 143
372 , 144
373 , 144
374 , 143
375 , 144
376 , 145
377 , 144
378 , 145
381 , 145
382 , 146
383 , 145
384 , 146
385 , 146
388 , 146
389 , 146
390 , 147
391 , 146
392 , 146
393 , 147
394 , 147
395 , 147
396 , 147
397 , 146
398 , 146
399 , 147
400 , 146
401 , 146
402 , 147
403 , 146
404 , 146
405 , 145
406 , 146
407 , 145
408 , 145
409 , 145
410 , 146
411 , 146
412 , 145
414 , 145
415 , 145
416 , 145
417 , 145
418 , 145
419 , 144
420 , 144
421 , 145
422 , 145
424 , 144
425 , 143
426 , 144
427 , 144
428 , 144
429 , 143
430 , 144
433 , 142
434 , 143
435 , 142
436 , 141
437 , 141
438 , 141
439 , 140
440 , 140
441 , 140
443 , 138
444 , 138
446 , 138
447 , 137
448 , 138
449 , 138
450 , 138
451 , 137
453 , 137
456 , 137
457 , 137
458 , 137
459 , 138
460 , 137
461 , 138
462 , 138
463 , 138
464 , 137
465 , 137
466 , 138
467 , 138
468 , 138
469 , 137
470 , 137
471 , 137
472 , 138
474 , 138
475 , 139
476 , 138
477 , 138
478 , 138
479 , 139
480 , 139
481 , 139
482 , 138
483 , 139
484 , 138
485 , 139
488 , 137
489 , 138
490 , 138
491 , 138
492 , 137
493 , 137
494 , 137
495 , 138
496 , 138
497 , 138
498 , 138
499 , 139
498 , 140
497 , 140
496 , 140
495 , 140
494 , 139
493 , 139
492 , 139
491 , 140
490 , 140
489 , 140
500 , 140
501 , 139
500 , 138
502 , 138
503 , 138
504 , 139
503 , 140
502 , 140
501 , 141
504 , 141
505 , 140
506 , 140
507 , 139
506 , 138
505 , 138
508 , 138
509 , 139
508 , 140
507 , 141
509 , 141
510 , 140
511 , 140
512 , 139
511 , 138
510 , 138
513 , 138
514 , 139
515 , 139
516 , 138
517 , 139
518 , 139
519 , 138
520 , 139
519 , 140
518 , 141
517 , 141
516 , 140
515 , 141
514 , 141
513 , 140
512 , 141
520 , 141
521 , 140
522 , 139
521 , 138
523 , 138
524 , 139
525 , 139
526 , 139
527 , 139
528 , 140
527 , 141
526 , 141
525 , 141
524 , 141
523 , 140
522 , 141
528 , 142
529 , 141
530 , 140
531 , 140
532 , 139
533 , 139
534 , 139
535 , 139
536 , 139
537 , 139
538 , 139
539 , 140
538 , 141
537 , 141
536 , 141
535 , 141
534 , 141
533 , 141
532 , 141
531 , 142
530 , 142
529 , 139
539 , 142
540 , 141
541 , 140
542 , 140
543 , 141
544 , 141
545 , 141
546 , 141
547 , 140
548 , 141
547 , 142
546 , 143
545 , 143
544 , 143
543 , 143
542 , 142
541 , 142
548 , 143
549 , 142
550 , 141
549 , 140
551 , 142
552 , 142
553 , 142
554 , 141
555 , 141
556 , 141
557 , 141
558 , 141
559 , 142
560 , 142
561 , 142
562 , 142
563 , 142
564 , 142
565 , 142
566 , 141
567 , 141
568 , 141
569 , 141
570 , 141
571 , 141
572 , 141
573 , 141
573 , 139
572 , 139
571 , 139
570 , 139
569 , 139
568 , 139
565 , 140
564 , 140
563 , 140
562 , 140
560 , 144
559 , 144
558 , 143
557 , 143
556 , 143
555 , 143
554 , 143
553 , 144
552 , 144
551 , 144
550 , 143
556 , 153
557 , 153
558 , 152
559 , 153
560 , 153
561 , 153
562 , 153
563 , 152
564 , 152
565 , 151
564 , 150
563 , 150
562 , 151
561 , 151
560 , 155
559 , 155
558 , 154
557 , 155
556 , 155
555 , 154
554 , 154
554 , 156
553 , 156
552 , 156
551 , 156
550 , 157
549 , 156
549 , 158
548 , 158
547 , 157
546 , 158
545 , 159
544 , 159
543 , 159
542 , 159
541 , 160
540 , 159
539 , 160
538 , 159
537 , 159
536 , 159
535 , 159
534 , 158
533 , 158
532 , 157
531 , 157
530 , 158
531 , 159
532 , 159
533 , 160
534 , 160
535 , 161
536 , 161
537 , 161
538 , 161
539 , 162
540 , 161
541 , 162
542 , 161
543 , 161
544 , 161
545 , 161
546 , 160
547 , 159
548 , 160
550 , 159
551 , 158
552 , 158
553 , 158
555 , 156
558 , 156
565 , 153
566 , 152
567 , 151
566 , 150
565 , 149
567 , 149
568 , 148
569 , 148
570 , 147
571 , 148
570 , 149
569 , 150
568 , 150
571 , 150
572 , 149
573 , 149
574 , 148
573 , 147
572 , 147
574 , 146
575 , 145
576 , 145
577 , 144
578 , 145
579 , 145
580 , 144
581 , 144
582 , 143
581 , 142
583 , 142
584 , 142
585 , 141
586 , 141
587 , 141
588 , 140
587 , 139
586 , 139
584 , 140
583 , 137
582 , 137
581 , 137
580 , 136
579 , 136
578 , 137
577 , 138
576 , 137
576 , 139
575 , 139
574 , 139
578 , 139
579 , 138
580 , 138
581 , 135
582 , 135
583 , 135
584 , 135
585 , 134
586 , 133
587 , 133
588 , 134
589 , 134
590 , 133
590 , 135
589 , 136
588 , 136
587 , 135
586 , 135
585 , 136
587 , 137
588 , 138
589 , 138
590 , 137
583 , 144
579 , 143
577 , 146
576 , 147
575 , 147
566 , 143
386 , 143
379 , 142
325 , 141
324 , 140
323 , 140
322 , 140
321 , 139
320 , 139
318 , 141
317 , 140
316 , 140
310 , 137
313 , 132
314 , 129
314 , 127
314 , 125
314 , 123
299 , 110
296 , 112
295 , 112
294 , 113
293 , 113
292 , 112
291 , 112
290 , 111
289 , 111
288 , 112
289 , 113
290 , 113
291 , 114
292 , 114
290 , 115
289 , 115
288 , 114
287 , 114
286 , 115
285 , 115
284 , 114
283 , 113
282 , 114
283 , 115
282 , 116
283 , 117
282 , 118
281 , 118
280 , 119
279 , 118
278 , 118
277 , 117
276 , 117
275 , 116
274 , 115
273 , 116
272 , 117
271 , 116
271 , 118
270 , 118
269 , 117
268 , 118
267 , 119
266 , 119
265 , 120
264 , 121
263 , 121
262 , 121
261 , 121
260 , 121
259 , 122
258 , 121
257 , 120
256 , 119
255 , 118
256 , 117
255 , 116
256 , 115
257 , 114
256 , 113
257 , 112
256 , 111
255 , 111
255 , 109
254 , 109
254 , 107
255 , 107
256 , 107
257 , 106
256 , 105
255 , 105
254 , 105
254 , 103
255 , 103
256 , 103
257 , 102
256 , 101
255 , 101
254 , 101
255 , 99
256 , 99
257 , 98
258 , 98
256 , 97
255 , 97
254 , 96
255 , 95
256 , 95
257 , 96
254 , 94
253 , 94
252 , 93
251 , 92
250 , 91
249 , 90
250 , 89
249 , 88
250 , 87
251 , 86
252 , 85
253 , 85
254 , 84
253 , 83
252 , 83
254 , 82
255 , 81
256 , 81
257 , 81
258 , 80
257 , 79
256 , 79
255 , 79
254 , 80
255 , 83
256 , 83
254 , 86
253 , 87
252 , 87
251 , 88
252 , 89
251 , 90
249 , 92
250 , 93
251 , 94
252 , 95
255 , 93
257 , 100
257 , 104
258 , 105
257 , 108
256 , 109
257 , 110
258 , 111
258 , 113
258 , 115
257 , 116
257 , 118
255 , 120
256 , 121
255 , 122
256 , 123
257 , 122
258 , 123
259 , 124
260 , 123
261 , 123
262 , 123
263 , 123
264 , 123
265 , 122
266 , 121
267 , 121
268 , 120
269 , 119
270 , 120
272 , 119
273 , 118
274 , 117
275 , 118
276 , 115
278 , 116
279 , 120
280 , 121
279 , 122
278 , 123
277 , 124
278 , 125
277 , 126
278 , 127
277 , 128
278 , 129
279 , 128
279 , 126
279 , 124
280 , 123
281 , 122
282 , 122
283 , 121
282 , 120
281 , 120
283 , 119
285 , 117
284 , 116
287 , 116
284 , 122
283 , 123
284 , 124
283 , 125
284 , 126
283 , 127
284 , 128
283 , 129
284 , 130
283 , 131
282 , 131
282 , 133
281 , 133
280 , 132
279 , 132
278 , 131
279 , 130
279 , 134
280 , 134
281 , 135
282 , 135
283 , 135
283 , 133
284 , 132
285 , 129
285 , 127
285 , 125
280 , 136
281 , 137
282 , 137
282 , 139
281 , 139
280 , 138
279 , 138
279 , 140
278 , 140
278 , 142
279 , 142
280 , 142
281 , 141
282 , 141
283 , 141
283 , 143
282 , 143
281 , 143
281 , 145
280 , 145
279 , 144
278 , 144
277 , 143
276 , 144
275 , 145
274 , 144
272 , 146
271 , 145
270 , 146
269 , 145
268 , 145
267 , 145
266 , 145
265 , 145
264 , 150
274 , 156
275 , 157
276 , 158
277 , 155
276 , 154
276 , 152
276 , 150
277 , 147
276 , 146
277 , 145
278 , 146
279 , 146
280 , 147
281 , 147
282 , 145
283 , 145
280 , 140
280 , 160
279 , 160
281 , 161
282 , 161
283 , 161
284 , 162
285 , 162
286 , 162
288 , 165
290 , 166
293 , 165
294 , 165
295 , 165
296 , 164
297 , 163
298 , 162
299 , 163
300 , 163
298 , 164
301 , 161
302 , 161
303 , 161
304 , 160
305 , 160
306 , 158
307 , 158
308 , 157
309 , 157
310 , 155
311 , 155
312 , 153
313 , 153
314 , 152
315 , 151
324 , 142
325 , 143
293 , 109
309 , 96
310 , 95
311 , 95
312 , 94
311 , 93
310 , 93
311 , 91
312 , 90
313 , 89
312 , 88
313 , 87
314 , 88
315 , 88
314 , 90
313 , 91
312 , 92
313 , 93
310 , 97
316 , 54
315 , 53
314 , 53
313 , 53
312 , 52
311 , 52
310 , 51
311 , 50
312 , 50
313 , 51
314 , 51
316 , 52
317 , 53
318 , 53
319 , 53
319 , 51
318 , 51
318 , 49
319 , 49
320 , 49
321 , 49
322 , 48
321 , 47
320 , 47
319 , 47
318 , 47
317 , 46
316 , 45
315 , 45
315 , 43
316 , 43
317 , 44
318 , 42
319 , 41
320 , 41
320 , 43
319 , 43
319 , 45
320 , 45
321 , 45
322 , 46
321 , 43
318 , 40
317 , 39
318 , 38
317 , 37
316 , 37
315 , 37
314 , 36
313 , 35
312 , 35
311 , 34
310 , 33
309 , 33
308 , 32
307 , 31
306 , 31
305 , 31
304 , 31
303 , 31
302 , 30
301 , 29
300 , 29
299 , 29
298 , 29
297 , 28
296 , 29
295 , 29
294 , 28
293 , 29
292 , 29
291 , 28
290 , 28
289 , 29
288 , 28
287 , 29
286 , 30
285 , 29
284 , 29
283 , 29
282 , 29
282 , 31
281 , 31
280 , 30
279 , 31
278 , 31
277 , 31
276 , 32
275 , 32
275 , 34
274 , 34
273 , 34
272 , 34
271 , 33
270 , 33
269 , 33
268 , 32
267 , 33
266 , 34
267 , 35
266 , 36
265 , 36
265 , 38
264 , 38
264 , 40
265 , 40
266 , 40
267 , 39
266 , 38
267 , 37
268 , 36
269 , 35
270 , 35
271 , 35
272 , 36
270 , 37
269 , 37
268 , 38
268 , 34
269 , 31
270 , 31
271 , 31
272 , 31
273 , 30
272 , 29
271 , 29
270 , 29
273 , 28
274 , 27
275 , 27
276 , 27
277 , 26
276 , 25
275 , 25
277 , 24
278 , 25
279 , 24
280 , 23
281 , 23
282 , 22
283 , 22
284 , 23
285 , 23
286 , 22
287 , 21
288 , 21
289 , 22
290 , 22
291 , 22
292 , 21
293 , 21
294 , 22
293 , 23
292 , 23
295 , 23
296 , 22
295 , 21
297 , 21
298 , 22
299 , 22
300 , 22
301 , 23
300 , 24
299 , 24
298 , 24
297 , 23
296 , 24
301 , 25
302 , 24
303 , 25
304 , 25
304 , 27
303 , 27
302 , 26
302 , 28
303 , 29
304 , 29
305 , 29
306 , 29
307 , 29
308 , 30
309 , 29
310 , 29
310 , 27
309 , 27
311 , 27
312 , 26
311 , 25
310 , 25
311 , 23
312 , 22
313 , 22
314 , 21
315 , 21
316 , 21
317 , 20
316 , 19
315 , 19
317 , 18
318 , 19
319 , 19
320 , 18
321 , 18
322 , 18
323 , 17
324 , 17
325 , 17
325 , 19
324 , 19
323 , 19
322 , 20
321 , 20
320 , 20
318 , 21
317 , 22
315 , 23
314 , 23
313 , 24
312 , 24
310 , 31
309 , 31
311 , 32
312 , 33
313 , 33
314 , 34
315 , 35
316 , 35
319 , 39
314 , 42
313 , 42
313 , 40
312 , 40
311 , 38
310 , 37
309 , 37
308 , 36
307 , 35
308 , 34
307 , 33
309 , 35
310 , 35
311 , 36
308 , 38
307 , 37
307 , 39
308 , 40
307 , 41
308 , 42
307 , 43
308 , 44
307 , 45
308 , 46
309 , 45
310 , 45
310 , 47
309 , 47
308 , 48
309 , 49
310 , 49
311 , 48
309 , 43
309 , 41
309 , 39
301 , 31
297 , 30
294 , 30
291 , 30
290 , 30
289 , 31
288 , 30
287 , 31
285 , 31
284 , 31
283 , 31
280 , 32
279 , 33
278 , 33
277 , 33
276 , 34
274 , 29
279 , 26
280 , 25
281 , 25
282 , 24
283 , 24
286 , 24
287 , 23
288 , 23
289 , 24
305 , 27
319 , 17
326 , 19
327 , 19
328 , 20
327 , 21
326 , 21
328 , 22
329 , 21
330 , 21
331 , 21
332 , 22
331 , 23
330 , 23
329 , 23
331 , 25
332 , 24
333 , 23
333 , 25
334 , 25
334 , 27
333 , 27
332 , 26
333 , 29
334 , 29
335 , 29
336 , 30
335 , 31
334 , 31
334 , 33
335 , 33
336 , 32
336 , 34
337 , 34
337 , 36
336 , 36
335 , 35
334 , 35
334 , 37
335 , 37
336 , 38
337 , 38
335 , 39
334 , 39
334 , 41
333 , 41
333 , 43
334 , 43
335 , 43
336 , 42
335 , 41
336 , 40
335 , 45
334 , 45
333 , 45
332 , 44
332 , 46
331 , 46
331 , 48
330 , 48
332 , 48
333 , 47
334 , 47
333 , 49
332 , 50
331 , 50
322 , 50
321 , 51
320 , 51
321 , 53
322 , 52
317 , 48
335 , 27
329 , 19
265 , 42
264 , 42
263 , 42
261 , 51
260 , 52
259 , 52
258 , 52
258 , 54
259 , 54
260 , 54
259 , 56
258 , 56
257 , 55
257 , 57
256 , 58
257 , 59
256 , 60
257 , 61
256 , 62
257 , 63
256 , 64
257 , 65
256 , 66
257 , 67
256 , 68
257 , 69
258 , 68
259 , 67
258 , 66
258 , 64
258 , 62
258 , 60
258 , 58
259 , 58
259 , 69
258 , 70
257 , 71
258 , 72
259 , 71
260 , 70
260 , 72
259 , 73
258 , 74
259 , 75
258 , 76
257 , 77
258 , 78
259 , 77
260 , 76
260 , 74
259 , 79
275 , 62
274 , 61
273 , 60
252 , 141
251 , 181
250 , 182
249 , 182
247 , 182
247 , 184
250 , 184
251 , 183
251 , 185
252 , 185
252 , 187
251 , 187
250 , 186
250 , 188
251 , 189
252 , 189
252 , 191
251 , 191
250 , 190
250 , 192
251 , 193
252 , 193
253 , 193
253 , 195
252 , 195
251 , 195
250 , 194
251 , 197
252 , 197
253 , 197
253 , 199
252 , 199
251 , 199
251 , 201
252 , 201
253 , 201
253 , 203
252 , 203
251 , 203
251 , 205
250 , 205
249 , 206
248 , 207
250 , 207
251 , 207
252 , 207
252 , 205
253 , 205
245 , 200
244 , 200
291 , 264
292 , 264
293 , 265
294 , 265
297 , 265
298 , 266
299 , 266
300 , 266
301 , 265
302 , 265
303 , 266
304 , 266
305 , 266
312 , 274
326 , 282
329 , 280
329 , 276
329 , 272
329 , 284
329 , 288
329 , 292
328 , 293
329 , 294
330 , 295
329 , 296
328 , 297
329 , 298
330 , 297
331 , 297
332 , 297
333 , 298
334 , 298
334 , 300
333 , 300
332 , 299
331 , 299
330 , 299
329 , 300
330 , 301
331 , 301
331 , 303
330 , 303
330 , 305
331 , 305
332 , 304
332 , 306
331 , 307
332 , 308
331 , 309
332 , 310
333 , 309
334 , 309
334 , 311
333 , 311
333 , 313
334 , 313
335 , 312
335 , 314
336 , 314
336 , 316
335 , 316
334 , 315
335 , 318
336 , 318
337 , 317
337 , 319
338 , 319
338 , 321
337 , 321
336 , 320
336 , 322
337 , 323
338 , 323
339 , 322
340 , 323
339 , 324
338 , 325
339 , 326
340 , 325
341 , 325
341 , 327
340 , 327
340 , 329
341 , 329
342 , 329
343 , 329
343 , 331
342 , 331
341 , 331
342 , 333
343 , 333
344 , 332
345 , 333
344 , 334
343 , 335
344 , 336
345 , 335
346 , 336
345 , 337
346 , 338
347 , 338
348 , 338
349 , 338
350 , 337
351 , 337
351 , 335
350 , 335
349 , 334
348 , 333
349 , 332
348 , 331
347 , 330
348 , 329
347 , 328
346 , 327
347 , 326
346 , 325
345 , 324
346 , 323
345 , 322
344 , 322
344 , 320
345 , 320
346 , 321
347 , 322
347 , 324
348 , 325
348 , 327
349 , 328
349 , 330
350 , 331
350 , 333
349 , 336
350 , 339
351 , 339
351 , 341
350 , 341
349 , 340
348 , 340
349 , 342
350 , 343
351 , 343
351 , 345
350 , 345
349 , 344
347 , 346
344 , 345
343 , 345
341 , 344
340 , 344
336 , 343
335 , 342
334 , 341
333 , 341
332 , 341
330 , 338
329 , 338
327 , 340
325 , 340
324 , 341
323 , 340
322 , 340
321 , 340
320 , 340
322 , 342
323 , 342
324 , 343
325 , 342
326 , 343
325 , 344
326 , 345
327 , 345
328 , 345
329 , 346
330 , 346
331 , 347
330 , 348
329 , 348
328 , 347
327 , 347
330 , 350
331 , 349
332 , 349
333 , 349
334 , 350
333 , 351
332 , 351
331 , 351
333 , 353
334 , 352
335 , 352
336 , 353
337 , 353
338 , 354
337 , 355
336 , 355
335 , 354
334 , 354
337 , 357
338 , 356
339 , 355
339 , 357
340 , 357
341 , 358
340 , 359
339 , 359
338 , 358
340 , 361
341 , 360
342 , 359
342 , 361
343 , 361
344 , 362
345 , 362
346 , 363
345 , 364
344 , 364
343 , 363
342 , 363
341 , 362
345 , 366
346 , 365
347 , 365
348 , 365
349 , 366
348 , 367
347 , 367
346 , 367
347 , 369
348 , 369
349 , 368
350 , 369
351 , 369
351 , 371
350 , 371
349 , 370
352 , 371
353 , 372
354 , 372
352 , 373
351 , 373
363 , 355
364 , 355
365 , 355
366 , 355
367 , 356
366 , 357
367 , 358
368 , 357
368 , 359
369 , 359
370 , 361
371 , 361
371 , 363
372 , 363
373 , 365
374 , 367
375 , 367
375 , 369
376 , 370
377 , 371
377 , 373
378 , 374
379 , 375
378 , 376
379 , 377
380 , 377
378 , 380
381 , 382
380 , 385
383 , 387
384 , 388
384 , 390
385 , 391
385 , 393
386 , 394
387 , 395
386 , 396
387 , 397
388 , 397
386 , 400
389 , 402
390 , 403
391 , 404
389 , 406
388 , 405
390 , 407
392 , 414
395 , 416
396 , 416
397 , 417
398 , 418
399 , 419
400 , 419
401 , 420
402 , 421
403 , 422
404 , 422
405 , 422
405 , 424
404 , 424
406 , 424
407 , 423
408 , 424
407 , 425
406 , 426
407 , 427
408 , 426
409 , 425
409 , 427
410 , 427
411 , 428
410 , 429
409 , 429
408 , 428
410 , 431
411 , 430
412 , 429
412 , 431
413 , 431
413 , 433
412 , 433
411 , 432
412 , 435
413 , 435
414 , 435
415 , 436
414 , 437
413 , 437
414 , 439
415 , 438
416 , 438
416 , 440
415 , 440
415 , 442
416 , 442
417 , 441
417 , 443
416 , 444
417 , 445
416 , 446
415 , 446
416 , 448
417 , 447
418 , 446
419 , 447
418 , 448
417 , 449
418 , 450
419 , 449
420 , 450
419 , 451
420 , 452
418 , 454
417 , 453
419 , 455
422 , 457
423 , 457
421 , 460
418 , 444
410 , 439
409 , 438
414 , 433
405 , 431
403 , 427
402 , 427
402 , 425
401 , 424
402 , 423
398 , 422
397 , 421
396 , 420
346 , 443
345 , 443
330 , 431
378 , 474
379 , 474
364 , 353
363 , 353
362 , 352
361 , 351
360 , 351
359 , 350
358 , 349
357 , 349
356 , 349
355 , 348
354 , 347
353 , 347
352 , 345
352 , 341
339 , 340
338 , 340
337 , 340
342 , 327
343 , 319
344 , 318
345 , 318
343 , 317
342 , 317
342 , 315
343 , 315
344 , 316
343 , 313
342 , 313
341 , 312
340 , 312
339 , 311
340 , 310
341 , 310
342 , 311
341 , 308
340 , 308
339 , 307
338 , 307
338 , 305
337 , 305
336 , 304
335 , 303
336 , 302
335 , 301
337 , 303
333 , 307
339 , 309
341 , 314
131 , 401