0 , 641
1 , 641
2 , 640
1 , 638
2 , 637
3 , 638
3 , 635
4 , 635
2 , 634
3 , 632
4 , 632
5 , 631
4 , 629
3 , 629
5 , 628
4 , 626
5 , 625
6 , 626
6 , 623
5 , 622
4 , 623
7 , 622
6 , 620
5 , 619
7 , 619
6 , 617
7 , 616
8 , 617
8 , 614
7 , 613
6 , 614
8 , 611
7 , 610
8 , 608
9 , 609
10 , 607
9 , 606
8 , 605
9 , 603
10 , 604
11 , 602
10 , 601
9 , 600
10 , 598
11 , 599
12 , 598
11 , 596
10 , 595
12 , 595
11 , 593
12 , 592
13 , 591
11 , 590
12 , 589
13 , 588
14 , 587
12 , 586
13 , 585
14 , 584
15 , 583
13 , 582
14 , 581
15 , 580
14 , 578
15 , 577
16 , 577
17 , 575
16 , 574
15 , 574
14 , 575
15 , 571
16 , 571
17 , 572
18 , 570
17 , 569
16 , 568
17 , 566
18 , 567
19 , 566
18 , 564
17 , 563
19 , 563
20 , 562
18 , 561
19 , 560
20 , 559
21 , 559
19 , 557
20 , 556
21 , 556
21 , 553
20 , 553
22 , 553
22 , 550
21 , 550
23 , 550
23 , 547
22 , 547
24 , 547
24 , 544
23 , 544
25 , 544
26 , 542
25 , 541
24 , 541
26 , 539
25 , 538
27 , 538
26 , 536
27 , 535
28 , 535
29 , 533
28 , 532
30 , 532
29 , 530
30 , 529
31 , 529
32 , 530
33 , 528
32 , 527
34 , 526
35 , 526
36 , 527
35 , 529
34 , 529
35 , 532
36 , 532
37 , 532
37 , 535
36 , 535
38 , 535
38 , 538
39 , 538
40 , 538
40 , 541
39 , 541
41 , 543
40 , 544
42 , 544
41 , 546
40 , 547
42 , 547
43 , 547
41 , 549
42 , 550
43 , 550
43 , 553
42 , 553
44 , 553
44 , 556
43 , 556
42 , 556
43 , 559
44 , 559
45 , 560
44 , 562
43 , 562
45 , 563
44 , 565
43 , 565
45 , 566
46 , 567
44 , 568
45 , 569
46 , 570
44 , 571
45 , 572
46 , 573
44 , 574
45 , 575
46 , 576
45 , 578
46 , 579
47 , 580
45 , 581
46 , 582
47 , 583
45 , 584
46 , 585
47 , 586
45 , 587
46 , 588
47 , 589
45 , 590
46 , 591
47 , 592
45 , 593
46 , 594
47 , 595
45 , 596
46 , 597
47 , 598
45 , 599
46 , 600
47 , 601
45 , 602
46 , 603
47 , 604
45 , 605
46 , 606
47 , 607
45 , 608
46 , 609
47 , 610
45 , 611
46 , 612
47 , 613
45 , 614
46 , 615
47 , 616
45 , 617
46 , 618
47 , 619
45 , 620
46 , 621
47 , 622
45 , 623
46 , 624
47 , 625
45 , 626
46 , 627
47 , 628
45 , 629
46 , 630
47 , 631
45 , 632
46 , 633
47 , 634
45 , 635
44 , 635
46 , 636
45 , 638
44 , 638
46 , 639
45 , 641
44 , 641
46 , 642
45 , 644
44 , 644
2 , 643
1 , 644
0 , 644
9 , 612
39 , 528
38 , 526
39 , 525
40 , 525
42 , 525
43 , 525
44 , 525
45 , 526
46 , 525
47 , 526
48 , 524
49 , 524
50 , 524
51 , 523
52 , 522
53 , 522
54 , 522
55 , 521
56 , 523
57 , 523
58 , 523
59 , 522
60 , 521
61 , 521
62 , 520
63 , 519
64 , 519
65 , 519
66 , 518
67 , 520
68 , 520
69 , 519
70 , 518
71 , 518
72 , 519
73 , 518
74 , 517
75 , 516
76 , 516
77 , 517
78 , 515
79 , 515
80 , 516
81 , 514
82 , 514
83 , 514
84 , 514
85 , 513
86 , 514
88 , 512
87 , 511
86 , 511
89 , 511
90 , 511
91 , 509
92 , 509
93 , 508
94 , 510
93 , 511
95 , 509
96 , 509
97 , 508
98 , 507
99 , 507
100 , 507
101 , 505
102 , 505
103 , 504
104 , 503
105 , 502
106 , 504
107 , 504
108 , 504
109 , 503
108 , 501
109 , 500
110 , 501
111 , 500
112 , 500
113 , 501
114 , 500
115 , 500
116 , 498
115 , 497
117 , 497
118 , 497
119 , 496
120 , 497
121 , 495
120 , 494
122 , 493
123 , 493
124 , 492
125 , 491
126 , 492
127 , 491
128 , 492
129 , 491
130 , 491
131 , 490
132 , 489
133 , 489
134 , 488
133 , 486
135 , 486
136 , 485
137 , 484
138 , 483
139 , 482
140 , 482
141 , 481
142 , 480
143 , 481
142 , 483
139 , 485
144 , 479
145 , 479
146 , 478
147 , 476
148 , 477
149 , 478
150 , 478
151 , 478
151 , 475
150 , 475
149 , 475
152 , 473
153 , 472
154 , 472
155 , 471
156 , 471
157 , 469
158 , 469
159 , 468
160 , 468
161 , 466
160 , 465
162 , 465
163 , 465
164 , 464
165 , 464
166 , 462
165 , 461
164 , 461
163 , 462
167 , 460
168 , 461
169 , 459
170 , 459
168 , 458
170 , 456
171 , 457
172 , 456
173 , 455
174 , 454
175 , 454
176 , 453
175 , 451
176 , 450
177 , 450
178 , 450
179 , 450
181 , 448
180 , 447
179 , 447
181 , 445
182 , 446
183 , 444
182 , 443
184 , 442
185 , 443
186 , 442
187 , 441
188 , 440
186 , 439
185 , 440
187 , 438
188 , 437
189 , 438
190 , 436
189 , 435
191 , 434
192 , 434
193 , 433
194 , 433
195 , 434
196 , 434
197 , 436
196 , 437
195 , 437
194 , 436
193 , 436
194 , 439
193 , 440
194 , 442
193 , 443
194 , 445
193 , 446
194 , 448
193 , 449
194 , 451
193 , 452
192 , 454
193 , 455
194 , 454
195 , 453
196 , 455
197 , 455
195 , 456
194 , 457
193 , 458
192 , 457
192 , 460
193 , 461
194 , 460
194 , 463
193 , 464
192 , 463
192 , 466
193 , 467
194 , 466
194 , 469
193 , 470
192 , 469
192 , 472
193 , 473
194 , 472
194 , 475
193 , 476
192 , 475
192 , 478
193 , 479
194 , 478
194 , 481
193 , 482
194 , 484
193 , 485
195 , 485
194 , 487
193 , 488
195 , 488
196 , 488
197 , 490
196 , 491
195 , 491
194 , 490
193 , 491
194 , 493
193 , 494
194 , 496
193 , 497
194 , 499
193 , 500
194 , 502
193 , 503
194 , 505
195 , 504
196 , 505
195 , 507
194 , 508
196 , 508
195 , 510
194 , 511
196 , 511
195 , 513
194 , 514
196 , 514
195 , 516
194 , 517
196 , 517
195 , 519
196 , 520
197 , 519
197 , 522
196 , 523
195 , 522
195 , 525
196 , 526
197 , 525
198 , 527
197 , 528
196 , 529
197 , 531
196 , 532
197 , 534
196 , 535
197 , 537
198 , 536
199 , 537
198 , 539
197 , 540
199 , 540
198 , 542
199 , 543
198 , 545
199 , 546
200 , 545
200 , 548
199 , 549
198 , 548
200 , 551
199 , 552
200 , 554
201 , 553
202 , 555
201 , 556
200 , 557
201 , 559
202 , 558
203 , 560
202 , 561
201 , 562
202 , 564
201 , 565
202 , 567
203 , 566
204 , 568
203 , 569
202 , 570
203 , 572
204 , 571
205 , 571
205 , 574
204 , 574
203 , 575
204 , 577
205 , 577
206 , 577
206 , 580
205 , 580
204 , 580
207 , 580
207 , 583
206 , 583
205 , 583
206 , 586
207 , 586
208 , 587
207 , 589
208 , 590
209 , 590
209 , 593
208 , 593
210 , 594
209 , 596
210 , 597
211 , 596
211 , 599
210 , 600
209 , 599
211 , 602
210 , 603
211 , 605
212 , 604
213 , 603
212 , 601
213 , 606
212 , 607
213 , 609
214 , 608
215 , 610
214 , 611
213 , 612
214 , 614
215 , 613
216 , 614
215 , 616
216 , 617
217 , 618
215 , 619
216 , 620
217 , 621
218 , 620
218 , 623
219 , 623
217 , 624
218 , 626
219 , 626
220 , 627
219 , 629
220 , 630
221 , 629
222 , 631
221 , 632
220 , 633
221 , 635
222 , 634
223 , 635
222 , 637
223 , 638
224 , 638
225 , 639
224 , 641
223 , 641
231 , 642
232 , 641
233 , 640
234 , 639
232 , 638
231 , 639
233 , 637
234 , 636
232 , 635
233 , 634
234 , 633
235 , 634
235 , 631
234 , 630
233 , 631
235 , 628
234 , 627
236 , 627
235 , 625
236 , 624
237 , 625
237 , 622
236 , 621
235 , 622
237 , 619
236 , 618
238 , 618
237 , 616
238 , 615
239 , 615
237 , 613
238 , 612
239 , 612
240 , 612
240 , 609
239 , 609
238 , 609
239 , 606
240 , 606
241 , 605
240 , 603
241 , 602
242 , 601
240 , 600
241 , 599
242 , 598
241 , 596
242 , 595
243 , 596
243 , 593
242 , 592
243 , 590
244 , 591
244 , 588
243 , 587
245 , 587
244 , 585
245 , 584
244 , 582
245 , 581
246 , 582
247 , 580
246 , 579
245 , 578
246 , 576
247 , 577
248 , 576
247 , 574
246 , 573
248 , 573
247 , 571
248 , 570
249 , 570
247 , 568
248 , 567
249 , 567
250 , 566
251 , 566
252 , 567
253 , 566
254 , 567
255 , 567
256 , 567
257 , 567
258 , 568
259 , 569
260 , 568
261 , 567
262 , 569
263 , 569
264 , 569
265 , 569
266 , 568
267 , 569
268 , 569
269 , 569
270 , 568
271 , 569
272 , 570
273 , 568
274 , 568
275 , 567
277 , 567
276 , 569
278 , 569
279 , 569
280 , 569
281 , 567
280 , 566
279 , 566
281 , 564
282 , 564
283 , 564
284 , 565
285 , 564
284 , 562
285 , 561
286 , 561
287 , 560
288 , 560
289 , 560
290 , 558
291 , 558
289 , 557
288 , 557
291 , 555
292 , 556
293 , 554
292 , 553
294 , 553
295 , 552
296 , 550
297 , 551
299 , 549
298 , 548
297 , 548
299 , 546
300 , 547
301 , 545
300 , 544
301 , 542
302 , 543
303 , 543
304 , 542
303 , 540
302 , 540
304 , 539
305 , 538
306 , 538
307 , 536
306 , 535
305 , 535
307 , 533
308 , 533
309 , 534
309 , 531
310 , 531
311 , 530
312 , 530
313 , 529
310 , 528
309 , 528
308 , 527
307 , 528
306 , 527
305 , 526
304 , 525
302 , 525
301 , 524
300 , 525
299 , 525
298 , 525
297 , 524
296 , 523
295 , 524
294 , 524
293 , 523
292 , 521
291 , 521
290 , 522
289 , 521
287 , 520
286 , 520
285 , 519
284 , 519
283 , 519
282 , 518
280 , 517
279 , 516
278 , 517
276 , 516
277 , 515
275 , 514
274 , 515
272 , 515
271 , 513
270 , 512
269 , 512
268 , 512
267 , 512
265 , 511
264 , 510
263 , 510
262 , 511
261 , 510
260 , 511
258 , 512
257 , 511
256 , 512
255 , 513
254 , 513
253 , 513
252 , 514
251 , 513
249 , 514
250 , 515
248 , 516
247 , 516
246 , 515
245 , 515
244 , 517
243 , 517
242 , 516
241 , 517
239 , 517
238 , 517
236 , 518
237 , 519
238 , 520
240 , 519
235 , 520
234 , 520
233 , 521
232 , 521
231 , 521
230 , 522
229 , 522
228 , 521
227 , 523
226 , 523
225 , 522
224 , 523
223 , 523
222 , 523
221 , 524
220 , 525
219 , 525
218 , 526
217 , 526
218 , 523
219 , 522
220 , 522
218 , 520
219 , 519
220 , 518
218 , 517
219 , 516
220 , 515
218 , 514
217 , 513
216 , 512
215 , 510
214 , 510
213 , 509
212 , 510
210 , 508
209 , 508
208 , 507
209 , 505
210 , 505
208 , 504
207 , 504
206 , 504
204 , 503
205 , 502
206 , 501
204 , 500
203 , 500
202 , 500
201 , 498
200 , 498
199 , 497
200 , 495
201 , 495
199 , 494
198 , 493
197 , 493
195 , 495
195 , 498
195 , 501
202 , 497
211 , 507
212 , 507
219 , 507
220 , 506
221 , 507
220 , 509
219 , 510
218 , 511
219 , 513
220 , 512
221 , 510
221 , 504
220 , 503
219 , 504
221 , 501
220 , 500
221 , 498
220 , 497
221 , 495
220 , 494
221 , 492
222 , 493
222 , 490
221 , 489
220 , 489
219 , 488
220 , 486
221 , 486
222 , 487
223 , 488
223 , 485
222 , 484
223 , 482
222 , 481
221 , 481
223 , 479
222 , 478
224 , 478
223 , 476
222 , 475
224 , 475
223 , 473
222 , 472
224 , 472
223 , 470
224 , 469
225 , 470
226 , 471
227 , 470
226 , 468
225 , 467
224 , 466
223 , 467
222 , 466
221 , 465
220 , 465
219 , 466
218 , 464
219 , 463
217 , 462
216 , 461
215 , 461
214 , 461
212 , 460
213 , 459
214 , 458
212 , 457
211 , 457
210 , 458
210 , 455
209 , 455
208 , 453
207 , 453
206 , 451
205 , 450
204 , 449
203 , 447
204 , 446
205 , 447
202 , 445
201 , 444
200 , 443
199 , 441
198 , 441
200 , 440
201 , 441
202 , 442
203 , 444
208 , 440
209 , 441
210 , 441
211 , 442
212 , 442
213 , 441
214 , 442
215 , 442
216 , 442
218 , 444
217 , 445
216 , 445
215 , 445
213 , 444
212 , 439
211 , 439
210 , 438
209 , 438
208 , 437
207 , 437
206 , 438
206 , 435
205 , 435
204 , 434
203 , 433
202 , 431
201 , 430
200 , 430
202 , 428
201 , 427
200 , 427
199 , 427
198 , 427
198 , 424
197 , 424
196 , 423
195 , 422
194 , 421
195 , 419
194 , 418
193 , 416
192 , 415
194 , 415
195 , 416
196 , 417
196 , 420
197 , 421
198 , 421
199 , 424
195 , 425
194 , 424
194 , 427
193 , 427
195 , 428
194 , 430
193 , 430
195 , 431
198 , 438
199 , 438
195 , 444
195 , 450
197 , 458
198 , 459
199 , 460
200 , 461
201 , 462
199 , 463
198 , 462
200 , 464
201 , 465
202 , 464
203 , 465
202 , 467
203 , 468
204 , 468
205 , 470
206 , 470
204 , 471
203 , 471
205 , 473
206 , 473
207 , 473
208 , 473
209 , 474
208 , 476
207 , 476
209 , 477
210 , 478
211 , 477
213 , 479
212 , 480
211 , 480
213 , 482
214 , 481
215 , 481
216 , 482
217 , 483
215 , 484
214 , 484
216 , 485
217 , 486
218 , 485
222 , 496
222 , 499
237 , 484
238 , 483
239 , 484
240 , 484
241 , 484
241 , 487
240 , 487
242 , 487
243 , 489
244 , 488
245 , 490
244 , 491
246 , 492
247 , 491
248 , 493
247 , 494
248 , 496
249 , 495
250 , 495
251 , 497
250 , 498
252 , 499
253 , 500
254 , 501
255 , 502
256 , 503
257 , 503
258 , 505
259 , 504
260 , 506
259 , 507
261 , 507
262 , 508
266 , 510
267 , 509
268 , 509
269 , 508
270 , 506
271 , 507
272 , 505
273 , 504
274 , 503
275 , 504
276 , 505
274 , 506
277 , 503
278 , 503
276 , 502
278 , 500
279 , 501
280 , 501
281 , 499
282 , 500
283 , 500
284 , 499
285 , 498
286 , 498
287 , 497
286 , 495
287 , 494
288 , 494
289 , 493
290 , 492
291 , 493
292 , 492
293 , 493
293 , 490
294 , 490
295 , 489
296 , 490
297 , 490
298 , 489
299 , 489
300 , 488
299 , 486
300 , 485
301 , 486
302 , 486
303 , 486
303 , 483
304 , 483
305 , 483
306 , 483
307 , 483
309 , 481
308 , 480
307 , 480
310 , 479
311 , 478
312 , 479
311 , 481
314 , 478
313 , 477
315 , 477
316 , 477
317 , 476
318 , 476
319 , 474
318 , 473
317 , 473
316 , 474
320 , 475
321 , 474
322 , 474
323 , 474
324 , 473
325 , 474
326 , 472
327 , 473
328 , 473
329 , 471
330 , 471
331 , 472
332 , 472
333 , 470
332 , 469
334 , 468
335 , 468
336 , 469
337 , 468
338 , 467
339 , 467
340 , 467
341 , 467
341 , 464
340 , 464
342 , 464
343 , 463
344 , 462
345 , 462
346 , 461
347 , 461
348 , 459
349 , 459
347 , 458
350 , 457
351 , 457
352 , 456
353 , 456
354 , 454
355 , 454
356 , 453
355 , 451
354 , 451
353 , 453
356 , 450
357 , 451
358 , 450
359 , 449
357 , 448
358 , 447
359 , 446
360 , 447
361 , 446
360 , 444
361 , 443
362 , 442
363 , 442
364 , 443
365 , 444
366 , 445
364 , 446
365 , 447
363 , 448
364 , 449
365 , 450
363 , 451
362 , 452
364 , 452
363 , 454
362 , 455
364 , 455
363 , 457
362 , 458
361 , 459
362 , 461
361 , 462
360 , 463
361 , 465
360 , 466
359 , 468
358 , 469
357 , 469
356 , 471
355 , 472
354 , 472
353 , 474
352 , 474
351 , 475
350 , 475
352 , 477
351 , 478
350 , 478
349 , 478
348 , 478
347 , 479
346 , 480
345 , 481
346 , 483
345 , 484
344 , 484
343 , 483
342 , 484
343 , 486
342 , 487
341 , 487
340 , 488
339 , 488
338 , 488
337 , 490
336 , 490
335 , 490
335 , 493
334 , 493
333 , 493
332 , 495
331 , 495
330 , 494
329 , 495
328 , 497
327 , 497
326 , 497
324 , 498
325 , 499
326 , 500
324 , 501
323 , 500
322 , 500
321 , 501
320 , 502
319 , 501
318 , 500
317 , 500
316 , 500
316 , 497
317 , 497
318 , 497
318 , 494
317 , 494
316 , 494
316 , 491
317 , 491
318 , 491
318 , 488
317 , 488
316 , 488
316 , 485
317 , 485
318 , 485
318 , 482
317 , 482
316 , 482
317 , 479
318 , 479
312 , 465
310 , 464
309 , 463
308 , 464
307 , 465
306 , 464
304 , 464
303 , 466
302 , 466
301 , 465
300 , 467
299 , 468
298 , 467
297 , 469
296 , 469
295 , 470
294 , 469
293 , 470
292 , 472
291 , 473
290 , 474
289 , 474
288 , 475
287 , 475
286 , 475
285 , 474
284 , 475
283 , 475
282 , 475
281 , 474
280 , 475
278 , 476
277 , 475
276 , 476
275 , 476
274 , 477
273 , 477
272 , 478
271 , 479
269 , 479
268 , 479
267 , 477
266 , 477
265 , 477
264 , 476
263 , 475
261 , 474
260 , 474
259 , 475
258 , 474
256 , 474
255 , 475
254 , 475
253 , 474
252 , 474
251 , 473
249 , 473
248 , 474
247 , 473
246 , 472
245 , 473
244 , 472
243 , 471
242 , 470
241 , 471
240 , 471
239 , 470
238 , 469
239 , 467
238 , 466
237 , 466
236 , 465
235 , 463
236 , 462
237 , 463
238 , 463
239 , 464
240 , 465
240 , 468
241 , 468
242 , 473
243 , 474
246 , 475
249 , 476
250 , 475
251 , 476
256 , 477
257 , 476
258 , 477
260 , 477
261 , 477
262 , 477
263 , 478
268 , 476
269 , 476
270 , 477
271 , 476
272 , 475
275 , 479
277 , 478
279 , 477
280 , 478
281 , 477
282 , 478
285 , 477
291 , 476
292 , 475
293 , 473
294 , 472
296 , 472
298 , 470
301 , 468
302 , 469
304 , 467
305 , 466
306 , 467
309 , 466
311 , 463
312 , 462
313 , 463
314 , 463
315 , 463
316 , 461
315 , 460
314 , 460
313 , 460
317 , 460
318 , 460
319 , 460
320 , 460
321 , 459
322 , 458
323 , 458
324 , 457
325 , 457
326 , 455
327 , 455
328 , 454
327 , 452
326 , 452
325 , 454
324 , 454
323 , 455
322 , 455
321 , 456
320 , 457
319 , 457
328 , 451
329 , 451
330 , 452
331 , 453
332 , 451
333 , 451
334 , 450
335 , 450
336 , 452
337 , 451
338 , 450
339 , 451
339 , 448
340 , 448
341 , 448
342 , 448
343 , 448
344 , 447
345 , 447
346 , 446
347 , 444
348 , 445
349 , 445
350 , 443
349 , 442
351 , 441
352 , 440
353 , 441
354 , 440
355 , 439
356 , 438
357 , 437
358 , 436
359 , 435
360 , 433
361 , 433
362 , 432
363 , 431
364 , 430
365 , 429
367 , 429
368 , 430
369 , 431
367 , 432
366 , 433
368 , 433
369 , 434
370 , 435
371 , 436
370 , 438
371 , 439
372 , 438
372 , 441
373 , 441
374 , 443
375 , 443
373 , 444
375 , 446
376 , 446
377 , 445
377 , 448
376 , 449
378 , 449
379 , 448
379 , 451
380 , 452
381 , 452
382 , 454
381 , 455
383 , 455
382 , 457
383 , 458
384 , 457
385 , 456
386 , 458
385 , 459
386 , 461
387 , 460
388 , 460
389 , 461
388 , 463
387 , 463
389 , 464
390 , 464
391 , 464
391 , 467
392 , 467
393 , 468
394 , 467
395 , 468
394 , 470
395 , 471
396 , 470
397 , 471
398 , 473
399 , 473
400 , 474
401 , 476
402 , 477
403 , 476
404 , 478
405 , 478
403 , 479
406 , 480
407 , 481
408 , 482
409 , 483
410 , 482
411 , 482
412 , 484
413 , 484
411 , 485
413 , 487
414 , 487
415 , 486
416 , 488
417 , 488
418 , 489
419 , 491
420 , 491
421 , 492
422 , 493
423 , 494
424 , 494
425 , 493
426 , 494
427 , 494
429 , 496
430 , 496
431 , 497
432 , 498
433 , 499
434 , 499
435 , 501
436 , 500
437 , 500
438 , 502
437 , 503
439 , 503
440 , 503
441 , 503
442 , 504
443 , 504
444 , 505
445 , 505
446 , 506
447 , 506
448 , 506
449 , 508
448 , 509
450 , 510
451 , 510
452 , 510
453 , 509
454 , 510
453 , 512
455 , 512
456 , 513
457 , 513
458 , 512
459 , 513
460 , 514
461 , 515
462 , 515
463 , 516
464 , 516
465 , 516
466 , 517
467 , 517
468 , 518
469 , 519
470 , 518
471 , 519
472 , 519
473 , 519
474 , 521
475 , 520
476 , 520
477 , 521
478 , 520
479 , 521
480 , 522
478 , 523
481 , 524
482 , 523
483 , 524
484 , 523
485 , 524
487 , 524
486 , 526
487 , 527
488 , 527
489 , 526
490 , 527
491 , 528
492 , 529
493 , 527
494 , 527
495 , 527
495 , 530
496 , 530
497 , 530
498 , 530
499 , 530
500 , 530
501 , 529
501 , 532
502 , 532
503 , 532
504 , 533
505 , 533
506 , 533
507 , 534
508 , 533
509 , 532
510 , 533
512 , 533
511 , 535
512 , 536
513 , 535
514 , 535
515 , 535
516 , 535
517 , 535
518 , 536
519 , 538
520 , 537
521 , 537
522 , 538
523 , 538
524 , 538
525 , 539
526 , 540
527 , 539
528 , 539
529 , 541
530 , 541
531 , 542
532 , 542
533 , 542
534 , 544
533 , 545
535 , 546
536 , 545
537 , 546
536 , 548
537 , 549
538 , 550
539 , 551
537 , 552
538 , 553
539 , 554
540 , 554
541 , 554
541 , 557
540 , 557
539 , 557
542 , 558
541 , 560
542 , 561
543 , 561
543 , 564
542 , 564
544 , 564
544 , 567
543 , 567
545 , 567
546 , 569
545 , 570
544 , 570
546 , 572
545 , 573
546 , 575
547 , 574
548 , 573
547 , 571
548 , 576
547 , 577
548 , 579
549 , 578
549 , 581
550 , 581
548 , 582
549 , 584
550 , 584
551 , 583
551 , 586
550 , 587
552 , 587
551 , 589
552 , 590
551 , 592
552 , 593
553 , 592
554 , 593
553 , 595
552 , 596
554 , 596
553 , 598
554 , 599
555 , 598
555 , 601
554 , 602
556 , 602
555 , 604
556 , 605
557 , 606
555 , 607
556 , 608
557 , 609
558 , 610
556 , 611
557 , 612
558 , 613
559 , 614
557 , 615
558 , 616
559 , 617
560 , 617
558 , 619
559 , 620
560 , 620
561 , 621
560 , 623
559 , 623
561 , 624
562 , 624
560 , 626
561 , 627
562 , 627
563 , 628
562 , 630
561 , 630
563 , 631
562 , 633
563 , 634
564 , 633
564 , 636
565 , 636
563 , 637
564 , 639
565 , 639
566 , 639
567 , 640
563 , 640
506 , 639
505 , 639
504 , 639
504 , 636
505 , 636
506 , 636
506 , 633
505 , 633
504 , 633
504 , 630
505 , 630
506 , 630
507 , 628
506 , 627
505 , 627
505 , 624
506 , 624
507 , 623
506 , 621
505 , 621
507 , 620
506 , 618
505 , 618
507 , 617
506 , 615
507 , 614
506 , 612
507 , 611
508 , 612
508 , 609
507 , 608
506 , 609
506 , 606
507 , 605
508 , 606
508 , 603
507 , 602
509 , 602
508 , 600
507 , 599
509 , 599
508 , 597
509 , 596
510 , 596
508 , 594
509 , 593
510 , 593
508 , 591
509 , 590
510 , 590
510 , 587
509 , 587
511 , 587
511 , 584
510 , 584
512 , 583
511 , 581
510 , 581
512 , 580
513 , 579
511 , 578
512 , 577
513 , 576
512 , 574
513 , 573
514 , 574
514 , 571
513 , 570
514 , 568
515 , 569
515 , 566
516 , 566
514 , 565
515 , 563
516 , 563
517 , 564
518 , 562
517 , 561
516 , 560
517 , 558
518 , 559
519 , 559
519 , 556
518 , 556
520 , 556
521 , 556
521 , 553
520 , 553
522 , 553
523 , 551
522 , 550
521 , 550
523 , 548
524 , 549
525 , 549
525 , 546
524 , 546
526 , 546
527 , 544
528 , 545
529 , 544
528 , 542
531 , 539
535 , 543
509 , 535
504 , 530
492 , 526
484 , 526
450 , 507
430 , 499
428 , 497
427 , 497
423 , 491
422 , 490
415 , 489
408 , 488
407 , 487
406 , 486
407 , 484
408 , 485
406 , 489
407 , 490
408 , 491
406 , 492
407 , 493
408 , 494
406 , 495
407 , 496
408 , 497
406 , 498
407 , 499
408 , 500
406 , 501
407 , 502
408 , 503
406 , 504
407 , 505
408 , 506
406 , 507
405 , 506
407 , 508
405 , 509
406 , 510
407 , 511
405 , 512
406 , 513
407 , 514
405 , 515
406 , 516
407 , 517
405 , 518
406 , 519
407 , 520
405 , 521
406 , 522
404 , 523
405 , 524
406 , 525
404 , 526
405 , 527
406 , 528
404 , 529
405 , 530
406 , 531
404 , 532
405 , 533
404 , 535
403 , 535
405 , 536
404 , 538
403 , 538
405 , 539
404 , 541
403 , 541
402 , 543
403 , 544
404 , 544
402 , 546
403 , 547
404 , 547
402 , 549
403 , 550
401 , 551
402 , 552
403 , 553
401 , 554
402 , 555
403 , 556
401 , 557
400 , 557
402 , 558
401 , 560
400 , 560
402 , 561
401 , 563
400 , 563
399 , 564
400 , 566
401 , 566
399 , 567
400 , 569
401 , 569
399 , 570
398 , 572
399 , 573
400 , 572
400 , 575
399 , 576
398 , 575
397 , 575
396 , 575
395 , 576
393 , 577
392 , 577
390 , 577
389 , 578
388 , 578
386 , 579
385 , 580
384 , 579
383 , 581
382 , 582
381 , 581
380 , 580
379 , 580
378 , 581
377 , 581
375 , 583
374 , 582
373 , 584
372 , 584
371 , 583
369 , 584
368 , 584
367 , 585
366 , 586
365 , 586
364 , 585
363 , 586
362 , 586
361 , 587
360 , 587
359 , 588
358 , 589
357 , 588
360 , 590
361 , 590
362 , 589
363 , 589
364 , 591
363 , 592
365 , 592
366 , 593
367 , 592
369 , 593
368 , 595
367 , 595
369 , 596
370 , 596
371 , 597
372 , 597
373 , 597
374 , 599
375 , 599
376 , 600
377 , 601
378 , 600
379 , 602
378 , 603
380 , 603
381 , 603
382 , 604
383 , 604
384 , 604
385 , 605
386 , 605
384 , 607
386 , 608
387 , 608
388 , 607
389 , 607
390 , 608
389 , 610
388 , 610
390 , 611
389 , 613
388 , 613
387 , 614
388 , 616
387 , 617
386 , 618
385 , 620
386 , 621
387 , 620
388 , 619
387 , 623
386 , 624
385 , 623
384 , 625
385 , 626
383 , 627
384 , 628
385 , 629
383 , 630
382 , 631
384 , 631
383 , 633
382 , 634
381 , 634
383 , 636
382 , 637
381 , 637
380 , 638
381 , 640
382 , 640
380 , 641
379 , 641
381 , 643
368 , 587
370 , 586
371 , 586
374 , 585
376 , 584
377 , 584
379 , 583
380 , 583
387 , 580
391 , 579
394 , 578
402 , 564
338 , 542
337 , 541
336 , 542
335 , 544
334 , 545
336 , 545
337 , 544
335 , 547
334 , 548
333 , 547
333 , 550
332 , 550
331 , 552
332 , 553
333 , 553
334 , 551
335 , 550
331 , 555
332 , 556
330 , 557
329 , 558
331 , 558
330 , 560
329 , 561
328 , 560
327 , 562
328 , 563
327 , 565
326 , 566
325 , 566
327 , 568
326 , 569
325 , 569
324 , 569
323 , 571
324 , 572
325 , 572
323 , 574
322 , 573
322 , 576
321 , 576
320 , 577
321 , 579
320 , 580
319 , 581
318 , 582
317 , 584
318 , 585
319 , 584
320 , 583
317 , 587
316 , 587
315 , 589
316 , 590
314 , 591
313 , 591
315 , 592
314 , 594
313 , 594
312 , 594
312 , 597
311 , 597
310 , 598
311 , 600
310 , 601
309 , 601
308 , 600
308 , 603
307 , 603
309 , 604
308 , 606
307 , 606
306 , 606
305 , 606
305 , 609
306 , 609
304 , 610
303 , 611
302 , 611
304 , 613
303 , 614
302 , 614
301 , 614
301 , 617
300 , 617
302 , 617
299 , 619
298 , 618
300 , 620
298 , 621
297 , 622
296 , 622
295 , 624
294 , 625
296 , 625
297 , 625
295 , 627
294 , 628
293 , 627
293 , 630
292 , 630
292 , 633
291 , 633
290 , 633
289 , 634
288 , 633
287 , 634
288 , 636
287 , 637
289 , 637
290 , 636
288 , 639
287 , 640
286 , 639
284 , 641
285 , 642
286 , 642
284 , 644
287 , 631
288 , 630
287 , 628
286 , 627
288 , 627
287 , 625
286 , 624
288 , 624
287 , 622
286 , 621
285 , 622
285 , 619
286 , 618
287 , 619
287 , 616
286 , 615
285 , 616
285 , 613
284 , 612
286 , 612
285 , 610
284 , 609
286 , 609
285 , 607
284 , 606
283 , 606
285 , 604
284 , 603
283 , 603
282 , 601
283 , 600
284 , 600
282 , 598
283 , 597
284 , 597
282 , 595
281 , 594
283 , 594
282 , 592
281 , 591
283 , 591
282 , 589
281 , 588
280 , 587
281 , 585
280 , 584
281 , 582
280 , 581
281 , 579
280 , 578
279 , 578
281 , 576
280 , 575
279 , 575
279 , 572
280 , 572
282 , 580
282 , 583
282 , 586
283 , 588
261 , 570
249 , 564
248 , 564
247 , 563
246 , 563
245 , 561
244 , 560
246 , 560
245 , 558
244 , 557
243 , 558
242 , 558
241 , 556
242 , 555
243 , 555
241 , 553
240 , 553
239 , 552
240 , 550
241 , 550
239 , 549
238 , 549
238 , 546
237 , 546
236 , 545
235 , 543
236 , 542
237 , 543
235 , 540
234 , 540
236 , 539
235 , 537
234 , 537
233 , 537
233 , 534
234 , 534
232 , 533
233 , 531
232 , 530
231 , 530
230 , 528
231 , 527
232 , 527
230 , 525
231 , 524
239 , 546
242 , 552
203 , 563
201 , 550
198 , 533
198 , 530
143 , 522
142 , 523
141 , 522
142 , 520
141 , 519
143 , 519
142 , 517
141 , 516
143 , 516
142 , 514
143 , 513
144 , 513
142 , 511
143 , 510
144 , 510
144 , 507
143 , 507
145 , 507
145 , 504
144 , 504
143 , 504
144 , 501
145 , 501
146 , 500
145 , 498
144 , 498
146 , 497
147 , 497
145 , 495
146 , 494
147 , 494
148 , 492
147 , 491
146 , 491
148 , 489
147 , 488
148 , 486
147 , 485
148 , 483
149 , 484
150 , 484
150 , 481
149 , 481
149 , 487
131 , 487
130 , 488
128 , 489
125 , 494
124 , 495
122 , 496
113 , 498
105 , 505
104 , 506
80 , 513
72 , 516
66 , 521
55 , 524
47 , 523
41 , 527
140 , 528
141 , 528
142 , 529
141 , 531
140 , 531
142 , 532
141 , 534
140 , 534
142 , 535
141 , 537
140 , 537
142 , 538
141 , 540
140 , 540
139 , 542
140 , 543
141 , 543
139 , 545
140 , 546
141 , 546
139 , 548
140 , 549
141 , 549
139 , 551
140 , 552
141 , 552
139 , 554
140 , 555
141 , 555
139 , 557
140 , 558
141 , 558
141 , 561
140 , 561
142 , 562
141 , 564
140 , 564
142 , 565
141 , 567
140 , 567
142 , 568
143 , 567
144 , 567
145 , 569
144 , 570
146 , 571
147 , 571
148 , 571
149 , 572
150 , 573
151 , 573
152 , 573
153 , 574
152 , 576
151 , 576
153 , 577
154 , 576
155 , 577
156 , 578
157 , 577
158 , 579
157 , 580
159 , 580
158 , 582
160 , 582
161 , 582
162 , 583
163 , 584
164 , 584
165 , 586
166 , 586
167 , 586
167 , 589
168 , 589
169 , 589
170 , 591
171 , 591
172 , 591
173 , 592
169 , 592
168 , 592
166 , 592
165 , 593
163 , 594
162 , 594
161 , 595
160 , 596
159 , 596
158 , 598
157 , 598
156 , 598
155 , 598
154 , 598
154 , 601
153 , 601
152 , 601
151 , 602
150 , 603
149 , 604
148 , 604
147 , 603
145 , 603
144 , 605
143 , 605
145 , 606
146 , 605
144 , 608
143 , 608
142 , 610
143 , 611
144 , 611
142 , 613
143 , 614
144 , 614
142 , 616
141 , 617
143 , 617
142 , 619
141 , 620
143 , 620
142 , 622
141 , 623
143 , 623
142 , 625
143 , 626
142 , 628
143 , 629
144 , 628
144 , 631
143 , 632
142 , 631
144 , 634
143 , 635
144 , 637
145 , 636
145 , 633
148 , 601
149 , 601
150 , 600
155 , 601
162 , 597
164 , 595
166 , 595
167 , 594
164 , 587
146 , 568
142 , 526
141 , 525
140 , 525
184 , 445
207 , 450
218 , 447
219 , 446
220 , 447
221 , 448
222 , 448
223 , 449
224 , 448
225 , 448
226 , 449
227 , 450
228 , 450
229 , 450
230 , 451
231 , 451
229 , 453
228 , 453
230 , 454
231 , 454
232 , 454
233 , 456
232 , 457
231 , 457
233 , 459
234 , 458
235 , 460
234 , 461
236 , 459
229 , 472
228 , 473
227 , 473
229 , 475
230 , 476
231 , 476
232 , 475
233 , 476
232 , 478
233 , 479
234 , 478
235 , 479
234 , 481
235 , 482
236 , 481
237 , 481
230 , 473
227 , 447
226 , 446
225 , 445
224 , 445
223 , 445
222 , 443
221 , 443
220 , 442
219 , 440
220 , 439
221 , 440
223 , 442
224 , 442
219 , 437
218 , 438
217 , 438
217 , 435
216 , 435
215 , 434
214 , 434
213 , 433
212 , 431
211 , 431
210 , 430
209 , 430
208 , 428
209 , 427
210 , 427
211 , 428
212 , 428
213 , 430
214 , 431
218 , 435
207 , 434
205 , 432
204 , 431
203 , 430
206 , 426
207 , 425
208 , 425
206 , 423
205 , 423
204 , 422
203 , 421
204 , 419
203 , 418
202 , 418
201 , 417
200 , 415
201 , 414
202 , 415
203 , 415
204 , 416
205 , 420
206 , 420
207 , 422
205 , 409
206 , 408
207 , 408
208 , 408
209 , 408
210 , 406
209 , 405
208 , 405
207 , 405
208 , 402
209 , 402
210 , 403
211 , 402
212 , 403
213 , 404
211 , 405
214 , 402
215 , 403
216 , 402
217 , 401
215 , 400
216 , 399
217 , 398
218 , 399
219 , 400
220 , 400
221 , 400
221 , 397
220 , 397
219 , 397
219 , 403
220 , 403
221 , 403
222 , 405
221 , 406
220 , 406
219 , 406
219 , 409
220 , 409
221 , 409
222 , 408
223 , 406
224 , 405
225 , 404
226 , 405
227 , 404
228 , 404
229 , 402
230 , 402
231 , 401
232 , 400
233 , 400
234 , 402
233 , 403
232 , 403
234 , 405
233 , 406
234 , 408
235 , 407
236 , 406
238 , 406
239 , 406
240 , 405
241 , 405
242 , 405
242 , 402
241 , 402
240 , 402
239 , 403
235 , 404
237 , 408
236 , 409
235 , 410
237 , 411
238 , 409
244 , 402
245 , 402
246 , 401
247 , 401
248 , 402
249 , 402
250 , 404
249 , 405
248 , 405
247 , 404
251 , 403
252 , 405
251 , 406
250 , 407
252 , 408
253 , 409
254 , 409
255 , 410
257 , 408
256 , 407
255 , 407
254 , 406
253 , 406
257 , 405
258 , 406
259 , 406
260 , 406
261 , 404
260 , 403
259 , 403
258 , 403
261 , 401
262 , 402
263 , 402
264 , 402
265 , 403
267 , 403
268 , 404
269 , 405
270 , 404
271 , 404
272 , 404
273 , 406
272 , 407
271 , 407
270 , 407
273 , 409
274 , 408
275 , 409
276 , 408
275 , 406
276 , 405
277 , 406
278 , 405
279 , 406
280 , 404
279 , 403
280 , 401
281 , 402
282 , 402
283 , 402
284 , 403
285 , 404
286 , 404
287 , 404
288 , 405
287 , 407
286 , 407
288 , 408
289 , 407
290 , 406
291 , 405
292 , 405
293 , 405
294 , 404
295 , 405
296 , 403
297 , 403
295 , 402
293 , 402
296 , 400
297 , 400
298 , 400
299 , 399
300 , 398
302 , 400
301 , 401
300 , 401
299 , 402
302 , 403
303 , 403
304 , 402
306 , 404
305 , 405
304 , 405
303 , 406
305 , 408
306 , 407
307 , 407
308 , 407
309 , 408
310 , 408
311 , 407
312 , 408
311 , 410
310 , 411
309 , 411
308 , 410
307 , 410
312 , 405
313 , 406
314 , 405
315 , 405
316 , 405
317 , 403
318 , 403
316 , 402
315 , 402
314 , 402
313 , 403
316 , 399
317 , 400
318 , 400
319 , 401
320 , 402
321 , 403
322 , 403
323 , 404
324 , 404
325 , 406
326 , 406
327 , 407
328 , 408
329 , 409
330 , 409
331 , 410
332 , 410
333 , 411
331 , 407
330 , 406
329 , 406
328 , 405
327 , 403
328 , 402
329 , 403
330 , 403
329 , 400
328 , 399
327 , 400
326 , 400
325 , 399
326 , 397
327 , 397
325 , 396
324 , 396
323 , 395
324 , 393
325 , 393
326 , 394
323 , 392
322 , 392
321 , 392
320 , 391
319 , 389
318 , 388
317 , 387
315 , 386
316 , 385
317 , 384
318 , 385
319 , 386
320 , 388
321 , 389
322 , 389
323 , 389
315 , 383
314 , 384
313 , 384
312 , 385
311 , 385
310 , 385
309 , 385
308 , 384
307 , 385
305 , 385
303 , 385
301 , 385
299 , 384
298 , 384
297 , 383
296 , 382
295 , 382
294 , 383
292 , 382
291 , 381
290 , 381
289 , 380
288 , 379
287 , 380
285 , 379
284 , 379
283 , 378
281 , 378
282 , 376
281 , 375
280 , 375
279 , 375
278 , 375
277 , 375
277 , 372
276 , 372
275 , 371
274 , 372
273 , 370
272 , 370
271 , 372
270 , 373
269 , 372
268 , 373
267 , 373
266 , 372
264 , 373
263 , 372
262 , 373
261 , 372
260 , 373
259 , 372
258 , 371
257 , 371
256 , 372
255 , 372
254 , 372
253 , 372
252 , 374
251 , 374
250 , 373
249 , 373
248 , 374
247 , 375
245 , 376
244 , 376
243 , 378
242 , 378
241 , 377
240 , 379
239 , 380
238 , 381
237 , 380
236 , 381
235 , 380
234 , 380
232 , 382
231 , 383
230 , 383
229 , 382
228 , 384
227 , 384
226 , 384
225 , 385
224 , 385
223 , 386
222 , 386
221 , 386
220 , 386
219 , 386
218 , 385
217 , 384
216 , 386
215 , 387
217 , 387
218 , 388
216 , 389
215 , 390
214 , 390
213 , 390
213 , 393
212 , 393
211 , 393
211 , 396
212 , 396
213 , 396
210 , 397
209 , 399
208 , 399
210 , 400
211 , 399
214 , 393
219 , 383
220 , 383
221 , 383
222 , 383
223 , 383
229 , 385
232 , 385
233 , 383
234 , 383
235 , 383
237 , 383
241 , 380
244 , 379
245 , 379
246 , 377
247 , 378
248 , 377
249 , 376
250 , 376
252 , 369
253 , 369
254 , 369
255 , 369
251 , 368
250 , 366
251 , 365
252 , 366
249 , 364
248 , 363
247 , 363
246 , 364
245 , 363
243 , 363
242 , 361
243 , 360
244 , 361
247 , 360
248 , 360
249 , 361
250 , 363
248 , 357
247 , 357
246 , 358
246 , 355
247 , 354
245 , 353
246 , 352
247 , 351
245 , 350
246 , 349
247 , 348
245 , 347
246 , 346
247 , 345
246 , 343
247 , 342
248 , 341
246 , 340
247 , 339
248 , 338
246 , 337
247 , 336
248 , 335
249 , 334
247 , 333
248 , 332
249 , 331
248 , 329
249 , 328
250 , 329
250 , 326
251 , 326
249 , 325
250 , 323
251 , 323
252 , 322
253 , 321
251 , 320
252 , 319
253 , 318
254 , 317
252 , 316
253 , 315
254 , 314
255 , 313
256 , 312
254 , 311
255 , 310
256 , 309
257 , 308
255 , 307
256 , 306
257 , 305
256 , 303
257 , 302
258 , 303
259 , 301
258 , 300
260 , 300
259 , 298
258 , 297
260 , 297
259 , 295
260 , 294
261 , 295
261 , 292
262 , 292
260 , 291
261 , 289
262 , 289
260 , 288
261 , 286
262 , 286
262 , 283
261 , 283
260 , 283
261 , 280
262 , 280
260 , 279
261 , 277
262 , 277
260 , 276
261 , 274
262 , 274
260 , 273
259 , 271
260 , 270
261 , 271
261 , 268
260 , 267
259 , 268
243 , 275
242 , 274
241 , 275
240 , 275
239 , 275
238 , 273
237 , 273
236 , 273
235 , 270
234 , 270
233 , 269
231 , 269
230 , 269
229 , 269
228 , 268
227 , 267
226 , 269
225 , 269
224 , 268
223 , 268
222 , 267
220 , 268
219 , 268
218 , 268
217 , 269
216 , 269
214 , 269
213 , 269
211 , 271
212 , 272
213 , 272
214 , 272
215 , 271
213 , 275
212 , 275
211 , 275
209 , 274
208 , 274
207 , 275
206 , 275
206 , 278
205 , 279
204 , 279
203 , 279
203 , 282
204 , 282
199 , 285
198 , 285
197 , 285
197 , 288
196 , 288
195 , 288
193 , 289
192 , 290
191 , 291
190 , 291
189 , 291
188 , 290
194 , 290
194 , 282
192 , 281
191 , 281
190 , 281
189 , 281
188 , 280
187 , 279
186 , 277
185 , 276
187 , 276
188 , 277
193 , 280
195 , 280
211 , 278
212 , 278
213 , 278
213 , 281
212 , 281
214 , 283
215 , 284
216 , 283
217 , 283
218 , 284
219 , 284
220 , 284
221 , 285
222 , 284
223 , 284
224 , 284
225 , 285
226 , 283
227 , 284
228 , 283
229 , 283
227 , 281
228 , 280
229 , 280
230 , 280
231 , 281
231 , 278
230 , 277
229 , 277
231 , 275
230 , 274
229 , 274
228 , 272
227 , 270
221 , 269
210 , 273
205 , 254
204 , 253
203 , 252
202 , 254
201 , 254
200 , 254
199 , 254
198 , 254
197 , 255
195 , 256
194 , 256
193 , 255
192 , 256
193 , 258
192 , 259
191 , 259
194 , 259
196 , 257
194 , 252
193 , 252
192 , 253
193 , 249
194 , 249
195 , 248
196 , 248
197 , 246
196 , 245
195 , 245
197 , 243
198 , 245
199 , 244
200 , 243
201 , 243
202 , 243
204 , 241
203 , 240
202 , 240
201 , 240
204 , 238
205 , 239
206 , 238
207 , 238
208 , 238
210 , 238
211 , 237
212 , 237
213 , 235
214 , 234
215 , 236
216 , 235
217 , 235
218 , 234
219 , 234
220 , 234
221 , 235
223 , 233
224 , 233
225 , 234
226 , 234
226 , 231
225 , 231
227 , 231
228 , 231
229 , 232
230 , 232
231 , 231
233 , 231
234 , 231
235 , 231
236 , 231
237 , 231
238 , 233
239 , 233
240 , 233
241 , 234
242 , 234
240 , 236
241 , 237
242 , 237
243 , 237
243 , 240
242 , 240
244 , 240
244 , 243
243 , 243
245 , 244
244 , 246
243 , 246
245 , 247
244 , 249
243 , 249
242 , 251
241 , 252
240 , 253
238 , 252
237 , 253
236 , 253
236 , 250
235 , 250
234 , 250
233 , 250
231 , 250
230 , 251
229 , 251
228 , 250
227 , 250
226 , 252
225 , 252
224 , 251
223 , 251
222 , 250
220 , 251
219 , 251
218 , 251
217 , 251
216 , 251
215 , 252
214 , 250
213 , 250
211 , 251
210 , 252
209 , 253
208 , 252
207 , 252
206 , 251
205 , 251
209 , 250
212 , 252
221 , 252
232 , 252
237 , 250
239 , 251
243 , 252
244 , 252
245 , 253
245 , 250
232 , 233
222 , 232
221 , 232
210 , 235
209 , 236
179 , 231
178 , 232
177 , 231
176 , 231
178 , 229
177 , 228
179 , 228
178 , 226
177 , 225
179 , 225
180 , 226
180 , 223
179 , 222
178 , 223
177 , 222
178 , 220
179 , 219
180 , 220
180 , 217
181 , 217
179 , 216
178 , 217
180 , 214
181 , 214
179 , 213
180 , 211
181 , 211
182 , 211
182 , 208
181 , 208
180 , 208
179 , 210
180 , 205
181 , 205
182 , 205
183 , 204
182 , 202
181 , 202
180 , 202
181 , 199
182 , 199
183 , 198
184 , 199
183 , 201
182 , 196
183 , 195
184 , 196
185 , 194
184 , 193
183 , 192
182 , 193
184 , 190
183 , 189
184 , 187
185 , 188
186 , 187
185 , 185
184 , 184
186 , 184
187 , 184
185 , 182
186 , 181
187 , 181
188 , 180
187 , 178
186 , 178
188 , 177
189 , 178
189 , 175
190 , 175
188 , 174
187 , 175
189 , 172
190 , 172
188 , 171
189 , 169
190 , 169
191 , 169
192 , 168
191 , 166
190 , 166
189 , 166
192 , 165
191 , 163
192 , 162
193 , 163
194 , 162
193 , 160
192 , 159
194 , 159
195 , 158
193 , 157
194 , 156
195 , 155
196 , 156
196 , 153
195 , 152
194 , 153
196 , 150
197 , 151
198 , 150
199 , 151
200 , 152
198 , 153
199 , 154
200 , 155
201 , 155
202 , 154
203 , 156
204 , 156
205 , 156
206 , 155
205 , 153
204 , 153
206 , 152
205 , 150
204 , 150
206 , 149
205 , 147
204 , 147
206 , 146
207 , 147
207 , 144
206 , 143
205 , 144
204 , 144
205 , 141
206 , 140
207 , 141
208 , 140
207 , 138
208 , 137
209 , 136
210 , 135
211 , 135
212 , 134
211 , 132
210 , 132
209 , 133
208 , 134
211 , 138
212 , 137
213 , 136
213 , 139
212 , 140
214 , 140
213 , 142
212 , 143
214 , 143
215 , 144
216 , 145
217 , 146
218 , 145
219 , 145
220 , 143
219 , 142
218 , 142
217 , 143
214 , 146
213 , 145
215 , 147
216 , 148
217 , 149
218 , 148
215 , 150
214 , 149
216 , 151
217 , 152
215 , 153
216 , 154
217 , 155
216 , 157
207 , 159
206 , 158
205 , 159
204 , 159
203 , 159
202 , 157
206 , 161
205 , 162
207 , 162
206 , 164
207 , 165
208 , 164
208 , 167
215 , 180
216 , 182
217 , 182
215 , 183
218 , 180
219 , 180
220 , 179
221 , 177
222 , 177
223 , 177
224 , 178
225 , 176
224 , 175
226 , 175
227 , 175
228 , 174
229 , 175
230 , 174
231 , 173
232 , 172
233 , 172
234 , 172
235 , 172
237 , 172
238 , 171
239 , 171
240 , 172
241 , 173
239 , 174
238 , 174
236 , 174
233 , 175
232 , 175
242 , 171
243 , 172
244 , 172
245 , 172
246 , 171
247 , 173
248 , 172
249 , 171
250 , 172
251 , 172
252 , 171
253 , 173
254 , 173
255 , 172
256 , 171
257 , 173
258 , 172
259 , 172
260 , 171
261 , 172
262 , 173
263 , 172
264 , 173
265 , 173
266 , 174
267 , 173
268 , 174
269 , 173
270 , 172
271 , 174
270 , 175
272 , 173
273 , 175
274 , 175
275 , 175
277 , 175
278 , 176
279 , 175
280 , 174
282 , 174
281 , 176
282 , 177
283 , 176
284 , 175
285 , 176
286 , 177
287 , 177
288 , 176
289 , 176
290 , 176
291 , 177
292 , 176
293 , 177
294 , 177
295 , 178
296 , 178
298 , 178
299 , 177
300 , 178
301 , 178
302 , 176
301 , 175
300 , 175
298 , 175
297 , 176
296 , 175
295 , 175
303 , 175
304 , 175
305 , 175
306 , 176
307 , 175
308 , 177
309 , 176
310 , 176
311 , 176
312 , 177
313 , 176
314 , 176
315 , 176
316 , 175
317 , 175
318 , 174
319 , 174
320 , 175
321 , 175
322 , 174
323 , 176
324 , 176
325 , 177
326 , 175
327 , 176
328 , 175
329 , 177
330 , 176
331 , 177
332 , 178
333 , 177
334 , 178
335 , 177
336 , 177
337 , 178
338 , 178
339 , 180
340 , 181
341 , 180
342 , 180
343 , 181
344 , 182
345 , 183
343 , 184
342 , 183
341 , 183
344 , 185
340 , 167
339 , 167
338 , 166
337 , 167
341 , 166
343 , 164
344 , 164
345 , 164
346 , 164
347 , 163
348 , 164
350 , 164
351 , 164
352 , 164
353 , 163
354 , 162
355 , 163
356 , 162
357 , 163
358 , 162
357 , 160
356 , 159
355 , 160
352 , 161
349 , 162
358 , 159
359 , 160
360 , 161
361 , 161
362 , 161
363 , 161
364 , 161
365 , 161
366 , 161
367 , 163
368 , 163
369 , 164
370 , 165
371 , 166
372 , 166
373 , 165
374 , 165
375 , 165
376 , 167
377 , 167
378 , 168
379 , 167
379 , 170
380 , 170
381 , 170
382 , 171
381 , 173
380 , 173
382 , 174
383 , 173
384 , 172
385 , 172
386 , 173
385 , 175
384 , 175
383 , 176
384 , 178
385 , 178
386 , 179
385 , 181
384 , 181
383 , 182
384 , 184
385 , 184
386 , 185
385 , 187
384 , 187
383 , 188
384 , 190
385 , 190
386 , 191
385 , 193
384 , 193
383 , 194
384 , 196
385 , 196
386 , 197
385 , 199
384 , 199
383 , 200
384 , 202
385 , 202
386 , 203
385 , 205
384 , 205
383 , 206
384 , 208
385 , 208
386 , 209
385 , 211
384 , 211
383 , 212
384 , 214
385 , 214
383 , 215
384 , 217
385 , 217
383 , 218
384 , 220
385 , 220
383 , 221
384 , 223
385 , 223
386 , 223
386 , 226
385 , 226
384 , 226
383 , 227
384 , 229
385 , 229
386 , 229
386 , 232
385 , 232
384 , 232
383 , 233
384 , 235
385 , 235
386 , 235
386 , 238
385 , 238
384 , 238
383 , 239
384 , 241
385 , 241
386 , 241
386 , 244
385 , 244
384 , 244
384 , 247
385 , 247
386 , 247
387 , 247
387 , 244
387 , 250
386 , 250
385 , 250
385 , 253
386 , 253
387 , 253
388 , 253
388 , 256
387 , 256
386 , 256
386 , 259
387 , 259
388 , 259
389 , 259
389 , 262
388 , 262
387 , 262
387 , 265
388 , 265
389 , 265
390 , 266
389 , 268
388 , 268
387 , 268
388 , 271
389 , 271
390 , 272
389 , 274
388 , 274
390 , 275
391 , 275
389 , 277
388 , 277
390 , 278
391 , 278
389 , 280
388 , 280
390 , 281
391 , 281
389 , 283
388 , 283
390 , 284
391 , 284
389 , 286
388 , 286
390 , 287
391 , 287
389 , 289
388 , 289
390 , 290
391 , 290
389 , 292
388 , 292
390 , 293
391 , 293
389 , 295
388 , 295
390 , 296
391 , 296
389 , 298
388 , 298
387 , 300
388 , 301
389 , 301
390 , 302
391 , 302
392 , 304
391 , 305
390 , 305
389 , 304
393 , 305
392 , 307
393 , 308
394 , 307
395 , 307
396 , 306
397 , 306
395 , 304
396 , 303
397 , 303
398 , 302
397 , 300
396 , 300
398 , 299
399 , 300
400 , 298
399 , 297
398 , 296
399 , 294
400 , 295
401 , 295
402 , 294
401 , 292
400 , 292
402 , 291
403 , 291
404 , 290
405 , 290
406 , 289
405 , 287
404 , 287
403 , 288
406 , 286
407 , 287
408 , 286
407 , 284
406 , 283
408 , 283
409 , 283
410 , 284
411 , 283
410 , 281
409 , 280
411 , 280
412 , 280
413 , 280
414 , 280
415 , 279
416 , 279
417 , 278
418 , 277
416 , 276
415 , 276
414 , 277
413 , 277
417 , 275
418 , 274
419 , 275
420 , 276
421 , 276
422 , 276
423 , 277
424 , 278
425 , 278
423 , 280
424 , 281
425 , 281
426 , 282
427 , 283
425 , 284
424 , 284
426 , 285
427 , 286
428 , 287
426 , 288
425 , 287
427 , 289
428 , 290
426 , 291
425 , 290
427 , 292
428 , 293
426 , 294
425 , 293
427 , 295
425 , 296
426 , 297
427 , 298
425 , 299
424 , 298
426 , 300
424 , 301
423 , 301
425 , 302
424 , 304
423 , 304
422 , 304
422 , 307
423 , 307
424 , 307
425 , 305
421 , 308
422 , 310
423 , 310
421 , 311
420 , 311
419 , 312
420 , 314
421 , 314
422 , 313
419 , 315
418 , 316
417 , 317
418 , 319
417 , 320
416 , 321
417 , 323
416 , 324
415 , 325
416 , 327
415 , 328
414 , 330
415 , 331
416 , 330
417 , 329
417 , 326
418 , 325
418 , 322
419 , 321
419 , 318
420 , 317
408 , 316
407 , 316
406 , 317
407 , 319
408 , 319
406 , 320
405 , 320
405 , 323
404 , 323
406 , 323
403 , 325
402 , 325
401 , 325
406 , 314
407 , 313
406 , 311
407 , 310
405 , 309
404 , 308
403 , 307
404 , 305
403 , 304
402 , 304
404 , 302
403 , 301
404 , 299
405 , 299
406 , 298
407 , 296
408 , 296
409 , 295
410 , 294
411 , 293
409 , 292
412 , 291
413 , 291
414 , 291
415 , 290
416 , 291
424 , 275
423 , 274
422 , 273
421 , 273
420 , 273
424 , 272
425 , 272
426 , 271
427 , 273
426 , 274
428 , 272
429 , 271
430 , 270
431 , 271
432 , 270
433 , 270
434 , 270
435 , 270
436 , 270
437 , 269
437 , 272
436 , 273
435 , 273
434 , 273
433 , 273
432 , 273
430 , 273
429 , 274
446 , 256
445 , 255
444 , 253
443 , 252
442 , 251
441 , 250
440 , 251
439 , 251
438 , 249
439 , 248
440 , 248
438 , 246
437 , 247
436 , 248
435 , 246
434 , 245
436 , 245
435 , 243
434 , 242
433 , 243
445 , 252
446 , 253
447 , 254
448 , 254
449 , 254
450 , 255
451 , 256
453 , 256
452 , 258
451 , 259
450 , 258
449 , 257
448 , 257
447 , 257
453 , 259
454 , 259
455 , 259
456 , 261
455 , 262
457 , 263
458 , 264
459 , 264
460 , 263
461 , 264
462 , 265
463 , 266
464 , 267
465 , 267
463 , 269
462 , 268
461 , 267
460 , 266
459 , 261
458 , 261
457 , 260
464 , 257
465 , 258
466 , 258
467 , 259
468 , 260
469 , 260
471 , 260
470 , 262
469 , 263
471 , 263
472 , 262
473 , 263
474 , 262
475 , 262
477 , 263
478 , 264
479 , 265
480 , 265
481 , 267
480 , 268
479 , 268
478 , 267
477 , 266
476 , 265
475 , 265
474 , 265
467 , 269
466 , 270
465 , 270
464 , 270
466 , 273
467 , 272
468 , 271
468 , 274
469 , 274
470 , 275
469 , 277
470 , 278
471 , 277
472 , 276
473 , 277
472 , 279
471 , 280
473 , 280
474 , 279
475 , 279
476 , 279
477 , 280
478 , 281
479 , 282
480 , 282
481 , 284
482 , 284
480 , 285
481 , 287
482 , 287
483 , 286
484 , 287
485 , 287
486 , 289
485 , 290
484 , 290
483 , 289
486 , 292
487 , 292
488 , 293
489 , 293
490 , 293
491 , 293
491 , 290
490 , 290
492 , 289
491 , 287
490 , 287
492 , 286
491 , 284
490 , 284
489 , 284
489 , 281
490 , 281
491 , 281
492 , 283
491 , 278
490 , 278
489 , 278
488 , 278
488 , 275
487 , 275
489 , 275
490 , 275
488 , 272
487 , 272
486 , 272
485 , 271
484 , 272
483 , 271
481 , 270
482 , 269
483 , 268
484 , 269
485 , 268
486 , 269
482 , 266
483 , 259
481 , 258
482 , 257
481 , 255
480 , 255
479 , 255
478 , 253
477 , 252
476 , 253
476 , 250
475 , 250
474 , 250
473 , 250
472 , 248
473 , 247
474 , 247
475 , 247
477 , 249
474 , 244
473 , 244
472 , 245
471 , 246
470 , 247
469 , 245
468 , 245
467 , 244
466 , 242
465 , 241
464 , 242
463 , 242
462 , 241
461 , 242
462 , 244
463 , 245
464 , 245
462 , 247
463 , 248
464 , 248
465 , 249
464 , 251
463 , 251
462 , 250
465 , 252
464 , 254
463 , 254
465 , 255
466 , 255
466 , 261
467 , 275
472 , 282
473 , 283
474 , 282
474 , 285
475 , 285
473 , 286
474 , 288
475 , 288
476 , 287
476 , 290
477 , 290
475 , 291
474 , 291
476 , 293
477 , 293
478 , 294
477 , 296
476 , 296
475 , 297
476 , 299
477 , 299
478 , 300
477 , 302
476 , 302
478 , 303
477 , 305
476 , 305
478 , 306
477 , 308
476 , 308
478 , 309
477 , 311
476 , 311
475 , 312
476 , 314
477 , 314
478 , 315
477 , 317
476 , 317
475 , 318
476 , 320
477 , 320
475 , 321
474 , 321
476 , 323
475 , 324
474 , 324
473 , 325
474 , 327
475 , 327
476 , 326
473 , 328
472 , 328
474 , 330
475 , 330
473 , 331
472 , 331
471 , 332
472 , 334
473 , 334
474 , 333
471 , 335
470 , 335
472 , 337
471 , 338
470 , 338
469 , 339
468 , 340
469 , 342
468 , 343
467 , 345
468 , 346
469 , 345
470 , 344
470 , 341
471 , 341
469 , 348
468 , 349
467 , 348
467 , 351
468 , 352
469 , 351
469 , 354
468 , 355
467 , 354
467 , 357
468 , 358
469 , 357
470 , 356
470 , 359
469 , 360
468 , 361
469 , 363
468 , 364
469 , 366
470 , 365
471 , 364
470 , 362
471 , 367
470 , 368
469 , 369
470 , 371
471 , 370
472 , 371
471 , 373
470 , 374
472 , 374
473 , 373
473 , 376
472 , 377
471 , 376
473 , 379
472 , 380
473 , 382
474 , 381
475 , 381
475 , 384
474 , 384
473 , 385
471 , 385
470 , 386
469 , 387
468 , 386
467 , 385
466 , 385
465 , 383
464 , 383
463 , 383
462 , 382
461 , 381
460 , 380
459 , 379
458 , 379
457 , 378
456 , 376
455 , 375
454 , 375
453 , 374
452 , 373
450 , 373
449 , 374
448 , 374
447 , 373
448 , 371
449 , 371
450 , 370
451 , 371
452 , 370
453 , 371
454 , 372
456 , 373
457 , 375
458 , 376
459 , 376
460 , 377
461 , 378
462 , 379
463 , 380
464 , 380
465 , 380
466 , 382
467 , 382
468 , 383
469 , 384
472 , 387
471 , 388
473 , 388
474 , 387
475 , 387
476 , 387
477 , 386
476 , 384
477 , 389
476 , 390
475 , 390
474 , 390
477 , 392
478 , 391
479 , 392
474 , 378
472 , 368
449 , 368
448 , 368
447 , 367
446 , 366
445 , 365
444 , 366
443 , 364
442 , 363
441 , 364
441 , 361
440 , 361
439 , 360
438 , 360
437 , 358
438 , 357
439 , 357
440 , 358
441 , 358
442 , 360
443 , 361
444 , 363
445 , 368
446 , 369
447 , 370
447 , 376
448 , 377
449 , 377
447 , 379
448 , 380
449 , 380
450 , 380
451 , 381
450 , 383
449 , 383
451 , 384
452 , 385
453 , 386
454 , 387
455 , 388
456 , 388
454 , 390
453 , 389
452 , 388
451 , 387
450 , 389
449 , 390
448 , 389
447 , 390
446 , 390
445 , 390
444 , 389
443 , 388
442 , 387
440 , 388
439 , 388
438 , 388
437 , 388
436 , 387
435 , 388
435 , 385
434 , 385
433 , 384
432 , 385
431 , 384
430 , 384
429 , 384
428 , 383
429 , 381
430 , 381
431 , 381
432 , 382
428 , 380
428 , 386
429 , 387
430 , 387
431 , 387
431 , 390
430 , 390
429 , 390
430 , 393
431 , 393
432 , 392
433 , 393
432 , 395
431 , 396
433 , 396
434 , 395
434 , 398
433 , 399
432 , 398
435 , 399
436 , 398
436 , 401
437 , 401
438 , 401
439 , 402
438 , 404
437 , 404
435 , 405
436 , 406
437 , 407
438 , 408
439 , 409
440 , 408
441 , 407
442 , 406
444 , 406
443 , 408
442 , 409
444 , 409
445 , 408
446 , 409
447 , 409
448 , 409
449 , 411
450 , 410
451 , 412
441 , 404
440 , 405
439 , 405
435 , 408
434 , 407
433 , 407
432 , 406
431 , 405
430 , 405
429 , 406
428 , 406
426 , 405
425 , 404
424 , 403
423 , 403
422 , 403
421 , 404
420 , 404
419 , 404
418 , 403
417 , 402
416 , 403
414 , 402
415 , 401
416 , 400
418 , 400
419 , 401
420 , 401
421 , 401
426 , 402
427 , 404
428 , 403
429 , 403
434 , 401
424 , 406
414 , 399
413 , 400
412 , 400
411 , 400
410 , 400
409 , 398
408 , 397
407 , 396
406 , 396
405 , 394
404 , 393
403 , 393
402 , 393
401 , 392
400 , 393
399 , 391
400 , 390
401 , 389
402 , 390
399 , 388
398 , 387
400 , 387
399 , 385
398 , 384
400 , 384
399 , 382
398 , 381
397 , 382
397 , 379
396 , 378
388 , 382
387 , 383
386 , 383
385 , 383
384 , 383
384 , 380
385 , 380
386 , 380
387 , 380
386 , 377
385 , 377
387 , 376
386 , 374
385 , 374
387 , 373
388 , 372
386 , 371
387 , 370
388 , 369
389 , 368
387 , 367
386 , 368
388 , 366
389 , 365
387 , 364
388 , 363
389 , 362
390 , 361
391 , 362
392 , 363
393 , 362
394 , 362
395 , 362
396 , 362
397 , 363
398 , 364
399 , 362
400 , 362
401 , 361
402 , 362
403 , 363
401 , 364
398 , 361
402 , 359
403 , 360
404 , 361
405 , 360
406 , 360
407 , 359
408 , 358
406 , 357
405 , 357
404 , 358
407 , 356
408 , 355
409 , 356
409 , 353
410 , 353
408 , 352
407 , 353
409 , 350
410 , 350
411 , 350
411 , 347
410 , 347
412 , 347
413 , 347
413 , 344
412 , 344
411 , 344
412 , 341
413 , 341
414 , 342
415 , 340
414 , 339
413 , 338
412 , 338
414 , 336
413 , 335
414 , 333
415 , 334
416 , 333
417 , 332
416 , 336
415 , 337
432 , 338
433 , 337
434 , 337
435 , 337
435 , 334
434 , 334
433 , 334
436 , 334
436 , 331
435 , 331
434 , 331
437 , 331
434 , 340
433 , 340
432 , 341
433 , 343
434 , 343
435 , 343
435 , 346
434 , 346
433 , 346
432 , 344
433 , 349
434 , 349
435 , 349
436 , 350
435 , 352
434 , 352
436 , 353
437 , 352
438 , 354
437 , 355
436 , 356
441 , 389
442 , 390
443 , 391
440 , 391
451 , 390
452 , 391
455 , 391
456 , 391
457 , 391
412 , 397
411 , 397
410 , 397
403 , 400
402 , 399
401 , 398
400 , 399
399 , 398
398 , 399
397 , 400
396 , 399
395 , 397
394 , 396
393 , 397
392 , 395
393 , 394
394 , 393
395 , 394
396 , 396
397 , 397
400 , 396
401 , 395
402 , 396
401 , 401
400 , 402
399 , 401
398 , 402
401 , 404
402 , 405
404 , 405
405 , 406
406 , 405
407 , 406
408 , 407
409 , 408
407 , 409
406 , 408
408 , 410
409 , 411
405 , 403
404 , 402
403 , 403
402 , 402
392 , 392
391 , 392
390 , 392
390 , 389
389 , 389
388 , 388
387 , 386
388 , 385
389 , 386
390 , 386
391 , 389
393 , 391
384 , 389
383 , 389
382 , 389
382 , 392
381 , 392
383 , 392
382 , 395
381 , 395
380 , 396
379 , 396
381 , 398
380 , 399
379 , 399
378 , 401
379 , 402
380 , 402
378 , 404
377 , 404
376 , 405
377 , 407
378 , 407
376 , 408
375 , 409
374 , 409
373 , 411
374 , 412
375 , 412
376 , 411
373 , 414
372 , 415
374 , 415
373 , 417
372 , 418
371 , 417
370 , 419
371 , 420
369 , 421
368 , 421
367 , 423
366 , 424
368 , 424
369 , 424
370 , 422
367 , 426
366 , 427
365 , 426
364 , 427
363 , 428
362 , 429
361 , 430
368 , 427
367 , 435
366 , 436
365 , 438
366 , 439
367 , 438
364 , 440
365 , 441
366 , 442
352 , 443
351 , 444
341 , 436
340 , 437
339 , 436
338 , 438
337 , 438
339 , 439
338 , 441
337 , 441
336 , 442
335 , 441
334 , 442
333 , 444
332 , 445
334 , 445
335 , 444
336 , 445
337 , 444
333 , 447
332 , 448
331 , 447
330 , 449
331 , 450
340 , 434
341 , 433
342 , 434
343 , 434
342 , 431
340 , 431
344 , 465
334 , 471
347 , 482
348 , 481
355 , 484
356 , 483
357 , 482
358 , 481
356 , 480
357 , 479
358 , 478
359 , 477
357 , 476
358 , 475
359 , 474
358 , 472
359 , 471
360 , 472
360 , 469
361 , 468
362 , 464
363 , 460
354 , 475
357 , 485
356 , 486
355 , 487
354 , 489
353 , 490
355 , 490
356 , 489
354 , 492
353 , 493
355 , 493
354 , 495
353 , 496
352 , 496
352 , 499
351 , 499
353 , 499
352 , 502
351 , 502
350 , 502
349 , 503
350 , 505
351 , 505
349 , 506
348 , 506
347 , 507
346 , 508
345 , 508
344 , 508
343 , 510
342 , 511
341 , 511
340 , 511
339 , 511
339 , 514
338 , 514
337 , 514
336 , 513
336 , 516
335 , 516
334 , 516
333 , 516
332 , 517
331 , 518
330 , 520
329 , 520
328 , 520
327 , 519
325 , 521
324 , 522
323 , 522
322 , 521
321 , 522
319 , 523
318 , 524
317 , 524
316 , 524
316 , 521
317 , 521
318 , 521
318 , 518
317 , 518
316 , 518
316 , 515
317 , 515
318 , 515
318 , 512
317 , 512
316 , 512
316 , 509
317 , 509
318 , 509
318 , 506
317 , 506
316 , 506
316 , 503
317 , 503
318 , 503
329 , 498
330 , 497
338 , 491
348 , 509
349 , 509
350 , 508
349 , 512
348 , 512
347 , 513
346 , 515
347 , 516
348 , 515
345 , 517
346 , 518
344 , 519
345 , 520
346 , 521
344 , 522
343 , 523
345 , 523
344 , 525
343 , 526
342 , 525
341 , 527
342 , 528
343 , 529
341 , 530
340 , 530
342 , 531
341 , 533
340 , 533
339 , 535
338 , 536
340 , 536
339 , 538
338 , 539
337 , 538
319 , 533
318 , 533
317 , 533
316 , 533
315 , 532
314 , 532
316 , 530
317 , 530
318 , 530
318 , 527
317 , 527
308 , 530
304 , 528
303 , 527
295 , 521
294 , 521
288 , 519
281 , 516
273 , 513
272 , 512
259 , 513
255 , 499
254 , 498
253 , 497
252 , 496
283 , 497
284 , 496
289 , 496
290 , 495
297 , 487
326 , 522
328 , 566
299 , 622
241 , 608
233 , 643
232 , 644
231 , 645
267 , 429
266 , 428
265 , 428
264 , 427
263 , 426
261 , 426
259 , 426
258 , 425
256 , 424
254 , 425
253 , 424
252 , 424
250 , 424
248 , 423
247 , 422
246 , 421
245 , 421
244 , 420
242 , 419
241 , 418
243 , 418
249 , 422
251 , 422
255 , 426
257 , 427
262 , 428
268 , 428
269 , 428
270 , 429
271 , 428
272 , 427
273 , 428
274 , 428
275 , 427
276 , 427
277 , 426
278 , 426
279 , 427
280 , 426
281 , 425
282 , 425
283 , 425
284 , 424
285 , 423
286 , 423
287 , 424
288 , 423
289 , 421
290 , 421
291 , 420
292 , 419
288 , 411
287 , 410
289 , 410
290 , 409
291 , 408
286 , 401
285 , 401
284 , 400
283 , 399
282 , 399
269 , 402
268 , 401
267 , 400
266 , 401
265 , 400
264 , 399
266 , 398
262 , 405
274 , 411
246 , 398
245 , 399
244 , 399
243 , 398
242 , 399
243 , 401
231 , 398
230 , 399
228 , 401
227 , 401
226 , 402
225 , 407
195 , 413
194 , 412
193 , 413
192 , 412
191 , 410
192 , 409
193 , 410
193 , 407
192 , 406
191 , 407
190 , 408
190 , 405
191 , 404
192 , 403
190 , 402
189 , 402
191 , 401
190 , 399
189 , 399
188 , 398
189 , 396
190 , 396
188 , 395
189 , 393
190 , 393
188 , 392
187 , 391
188 , 389
187 , 388
188 , 386
187 , 385
186 , 383
187 , 382
188 , 383
189 , 384
189 , 381
188 , 380
187 , 379
186 , 380
186 , 377
187 , 376
188 , 377
188 , 374
187 , 373
186 , 374
186 , 371
185 , 371
184 , 371
183 , 372
182 , 372
181 , 373
180 , 374
179 , 375
178 , 377
179 , 378
180 , 377
181 , 376
182 , 375
178 , 380
177 , 381
175 , 382
174 , 381
173 , 382
172 , 381
173 , 379
174 , 378
175 , 377
173 , 376
174 , 375
175 , 374
174 , 372
173 , 372
172 , 370
171 , 370
170 , 371
169 , 371
168 , 371
166 , 373
165 , 374
167 , 374
168 , 374
169 , 374
166 , 376
165 , 377
164 , 378
163 , 380
164 , 381
165 , 380
166 , 379
167 , 377
162 , 382
163 , 383
164 , 384
162 , 385
163 , 386
161 , 387
162 , 388
163 , 389
161 , 390
160 , 389
159 , 389
158 , 390
157 , 388
158 , 387
159 , 386
157 , 385
156 , 386
155 , 384
156 , 383
157 , 382
155 , 381
154 , 381
156 , 380
157 , 379
155 , 378
154 , 378
153 , 377
154 , 375
155 , 375
153 , 374
152 , 372
153 , 371
154 , 372
155 , 372
154 , 369
153 , 368
152 , 369
151 , 368
152 , 366
151 , 365
153 , 365
154 , 366
152 , 363
151 , 362
150 , 361
151 , 359
150 , 358
151 , 356
150 , 355
151 , 353
150 , 352
151 , 350
150 , 349
151 , 347
150 , 346
149 , 346
148 , 347
146 , 347
145 , 346
144 , 347
142 , 348
143 , 349
144 , 350
145 , 349
142 , 351
141 , 350
140 , 352
141 , 353
140 , 355
139 , 355
138 , 355
136 , 354
135 , 355
134 , 354
135 , 352
136 , 351
135 , 349
136 , 348
137 , 349
137 , 346
138 , 346
139 , 345
138 , 343
137 , 343
136 , 345
139 , 342
140 , 342
138 , 340
139 , 339
140 , 339
141 , 338
140 , 336
141 , 335
142 , 335
143 , 334
142 , 332
141 , 332
140 , 333
139 , 334
138 , 335
137 , 336
136 , 336
135 , 335
134 , 336
133 , 338
132 , 339
131 , 339
130 , 339
129 , 339
127 , 339
126 , 340
125 , 341
124 , 342
123 , 341
122 , 343
121 , 344
120 , 343
119 , 342
118 , 343
117 , 345
116 , 345
115 , 345
114 , 344
113 , 345
112 , 346
111 , 346
110 , 346
109 , 345
108 , 345
107 , 344
106 , 345
105 , 346
104 , 346
102 , 348
101 , 348
100 , 348
106 , 348
107 , 347
110 , 343
111 , 343
112 , 342
113 , 341
114 , 341
115 , 339
114 , 338
113 , 338
115 , 336
116 , 335
117 , 334
118 , 335
117 , 337
116 , 338
119 , 333
118 , 332
120 , 332
119 , 330
118 , 329
120 , 329
121 , 330
121 , 327
120 , 326
119 , 327
117 , 326
116 , 325
115 , 325
114 , 326
113 , 326
112 , 325
111 , 326
109 , 326
108 , 328
107 , 328
106 , 328
105 , 328
104 , 328
103 , 327
102 , 329
101 , 329
100 , 328
98 , 329
97 , 328
96 , 328
95 , 327
94 , 328
93 , 329
92 , 330
91 , 329
89 , 330
88 , 331
90 , 331
94 , 331
95 , 331
96 , 331
97 , 331
99 , 330
103 , 330
109 , 329
110 , 328
111 , 329
112 , 328
117 , 323
118 , 323
119 , 324
120 , 323
121 , 324
122 , 324
122 , 321
121 , 321
123 , 320
124 , 320
125 , 320
126 , 318
125 , 317
124 , 317
126 , 315
127 , 316
128 , 317
128 , 314
129 , 314
130 , 313
129 , 311
128 , 311
127 , 313
130 , 310
131 , 311
131 , 308
132 , 308
130 , 307
129 , 308
131 , 305
132 , 305
133 , 306
133 , 303
132 , 302
131 , 302
130 , 304
113 , 293
112 , 293
111 , 293
110 , 292
111 , 290
112 , 290
113 , 290
114 , 291
114 , 288
115 , 288
116 , 287
115 , 285
114 , 285
113 , 287
116 , 284
115 , 282
116 , 281
117 , 282
118 , 281
119 , 280
117 , 279
116 , 278
118 , 278
119 , 277
120 , 277
118 , 275
117 , 276
119 , 274
120 , 274
121 , 274
122 , 272
121 , 271
120 , 271
119 , 271
120 , 268
121 , 268
122 , 269
123 , 269
123 , 266
122 , 266
124 , 265
125 , 265
126 , 263
125 , 262
124 , 262
123 , 263
127 , 262
128 , 261
129 , 260
130 , 260
128 , 258
127 , 259
126 , 260
129 , 257
130 , 257
118 , 232
116 , 231
115 , 232
114 , 231
113 , 231
112 , 232
111 , 233
110 , 233
109 , 232
107 , 233
108 , 234
109 , 235
107 , 236
106 , 235
105 , 236
104 , 235
103 , 236
102 , 237
101 , 236
100 , 236
99 , 237
98 , 237
97 , 237
96 , 237
95 , 238
94 , 239
93 , 241
92 , 242
94 , 242
95 , 241
96 , 240
94 , 236
93 , 236
92 , 235
91 , 236
90 , 236
89 , 234
88 , 234
87 , 233
86 , 234
85 , 232
84 , 232
83 , 232
82 , 232
81 , 231
82 , 229
83 , 229
84 , 229
86 , 231
90 , 233
91 , 233
95 , 235
96 , 234
97 , 234
98 , 234
99 , 234
102 , 234
105 , 233
112 , 235
113 , 234
114 , 234
117 , 230
118 , 229
119 , 229
120 , 229
121 , 230
122 , 229
121 , 227
122 , 226
123 , 227
124 , 228
125 , 228
126 , 226
125 , 225
124 , 225
126 , 223
127 , 222
128 , 222
129 , 223
130 , 223
128 , 225
127 , 225
106 , 206
104 , 205
103 , 205
102 , 207
101 , 207
100 , 208
99 , 207
98 , 208
99 , 210
98 , 211
97 , 211
96 , 212
95 , 211
94 , 212
93 , 213
92 , 214
91 , 215
90 , 216
89 , 215
88 , 216
87 , 215
85 , 217
84 , 218
83 , 218
82 , 217
80 , 219
79 , 218
77 , 219
76 , 219
75 , 220
74 , 220
73 , 220
72 , 219
75 , 223
76 , 222
77 , 222
78 , 220
79 , 221
81 , 220
82 , 220
85 , 220
86 , 218
87 , 218
88 , 219
89 , 218
92 , 217
93 , 216
94 , 215
95 , 214
100 , 211
101 , 210
103 , 208
104 , 208
105 , 204
106 , 203
107 , 202
108 , 202
109 , 200
110 , 200
111 , 199
110 , 197
109 , 197
108 , 199
105 , 201
111 , 196
112 , 197
113 , 196
114 , 195
115 , 194
116 , 193
114 , 192
113 , 193
112 , 194
115 , 191
116 , 190
117 , 191
118 , 189
117 , 188
116 , 187
118 , 186
119 , 187
120 , 187
120 , 184
119 , 184
121 , 184
121 , 181
120 , 181
122 , 181
123 , 181
123 , 178
122 , 178
124 , 178
125 , 177
124 , 175
123 , 175
122 , 174
121 , 175
120 , 174
119 , 175
118 , 175
117 , 175
115 , 175
114 , 175
113 , 174
112 , 174
111 , 174
110 , 174
109 , 173
108 , 173
107 , 174
106 , 174
104 , 174
103 , 173
102 , 173
101 , 172
100 , 173
99 , 171
98 , 171
97 , 170
96 , 169
95 , 170
94 , 170
93 , 171
92 , 171
91 , 172
90 , 171
89 , 170
88 , 170
86 , 171
91 , 169
96 , 172
97 , 173
100 , 170
102 , 170
103 , 170
104 , 171
105 , 172
106 , 167
107 , 167
108 , 166
109 , 165
110 , 164
111 , 163
112 , 162
113 , 161
111 , 160
110 , 161
109 , 162
108 , 163
107 , 164
106 , 164
105 , 166
104 , 166
103 , 167
102 , 167
101 , 168
100 , 167
99 , 168
98 , 168
114 , 172
115 , 172
116 , 173
117 , 172
118 , 172
119 , 172
121 , 172
123 , 172
124 , 172
125 , 174
126 , 174
127 , 173
128 , 173
129 , 174
130 , 174
131 , 174
132 , 172
133 , 172
134 , 172
135 , 172
136 , 173
137 , 171
138 , 171
139 , 171
140 , 170
141 , 170
142 , 170
143 , 171
144 , 169
145 , 169
146 , 170
147 , 169
148 , 168
149 , 167
150 , 167
151 , 165
150 , 164
149 , 164
148 , 165
147 , 166
146 , 167
145 , 166
143 , 168
136 , 170
131 , 171
130 , 171
129 , 171
114 , 157
113 , 158
112 , 159
113 , 155
114 , 154
115 , 153
116 , 152
117 , 153
116 , 155
115 , 156
118 , 151
117 , 150
119 , 150
120 , 149
118 , 148
119 , 147
120 , 146
121 , 146
122 , 146
122 , 143
121 , 143
120 , 143
119 , 144
121 , 140
122 , 140
123 , 141
124 , 140
125 , 140
123 , 138
124 , 137
125 , 137
126 , 137
126 , 134
125 , 134
124 , 134
127 , 134
128 , 132
127 , 131
126 , 131
128 , 129
127 , 128
128 , 126
129 , 127
130 , 128
129 , 130
131 , 126
130 , 125
132 , 125
131 , 123
132 , 122
133 , 123
134 , 123
135 , 122
134 , 120
133 , 120
135 , 119
136 , 118
137 , 118
138 , 118
139 , 118
140 , 116
141 , 116
142 , 116
143 , 115
144 , 116
146 , 114
145 , 113
144 , 113
143 , 112
142 , 113
141 , 113
140 , 113
139 , 112
138 , 112
137 , 112
136 , 112
135 , 111
134 , 111
132 , 111
131 , 111
130 , 111
129 , 111
128 , 112
127 , 112
126 , 113
125 , 114
123 , 114
122 , 114
121 , 113
120 , 114
119 , 113
117 , 112
116 , 111
118 , 111
119 , 110
120 , 109
118 , 108
117 , 109
119 , 107
120 , 106
121 , 107
122 , 107
123 , 105
124 , 105
126 , 105
125 , 103
124 , 102
126 , 102
127 , 103
128 , 102
127 , 100
128 , 99
129 , 100
130 , 99
131 , 99
132 , 98
133 , 99
134 , 97
133 , 96
135 , 96
136 , 96
137 , 96
138 , 95
139 , 94
140 , 94
141 , 94
142 , 94
143 , 92
144 , 92
145 , 91
146 , 91
147 , 90
148 , 90
149 , 89
150 , 89
151 , 88
152 , 89
153 , 88
154 , 87
155 , 88
156 , 89
157 , 89
159 , 88
158 , 86
157 , 86
156 , 86
155 , 85
154 , 83
153 , 83
152 , 83
151 , 82
150 , 82
149 , 81
148 , 82
146 , 81
145 , 81
144 , 81
143 , 80
142 , 78
141 , 78
140 , 78
139 , 78
138 , 79
139 , 81
140 , 81
143 , 77
144 , 78
145 , 78
146 , 78
147 , 80
148 , 79
150 , 79
151 , 79
152 , 80
155 , 82
156 , 83
159 , 85
160 , 86
161 , 86
162 , 87
163 , 87
164 , 86
165 , 85
166 , 86
167 , 86
168 , 86
169 , 87
170 , 87
171 , 85
170 , 84
169 , 84
172 , 83
173 , 83
174 , 84
175 , 83
176 , 84
177 , 84
178 , 83
179 , 83
180 , 84
181 , 85
182 , 84
183 , 83
184 , 85
183 , 86
182 , 87
180 , 87
179 , 86
178 , 86
177 , 87
176 , 87
175 , 86
173 , 86
172 , 86
163 , 84
154 , 90
151 , 91
142 , 91
141 , 91
138 , 92
137 , 93
136 , 93
122 , 104
123 , 111
124 , 112
125 , 111
129 , 114
130 , 114
131 , 114
132 , 114
133 , 113
134 , 114
135 , 114
136 , 115
137 , 115
138 , 115
139 , 115
147 , 113
148 , 113
149 , 113
150 , 113
151 , 115
152 , 114
153 , 113
154 , 115
155 , 114
174 , 141
175 , 141
176 , 141
177 , 141
178 , 142
179 , 142
180 , 140
179 , 139
178 , 139
181 , 138
181 , 141
176 , 144
175 , 144
174 , 144
173 , 144
172 , 145
171 , 144
171 , 147
170 , 147
169 , 149
168 , 149
167 , 150
166 , 151
165 , 151
164 , 152
163 , 154
162 , 155
161 , 155
160 , 156
161 , 158
162 , 158
163 , 157
164 , 155
165 , 154
166 , 154
167 , 153
168 , 152
170 , 150
172 , 148
173 , 147
160 , 159
159 , 159
158 , 158
156 , 160
155 , 161
157 , 161
158 , 161
156 , 163
155 , 164
154 , 163
153 , 162
152 , 164
153 , 165
185 , 191
186 , 190
217 , 179
227 , 199
228 , 199
229 , 199
230 , 199
232 , 199
231 , 197
234 , 196
235 , 196
237 , 195
238 , 197
239 , 197
240 , 196
241 , 196
242 , 194
243 , 195
244 , 195
245 , 195
246 , 194
247 , 196
248 , 195
249 , 194
250 , 195
251 , 195
252 , 194
253 , 196
254 , 196
255 , 195
256 , 194
257 , 196
258 , 195
259 , 195
260 , 194
261 , 195
262 , 196
263 , 194
264 , 195
265 , 196
267 , 196
268 , 197
269 , 196
270 , 197
271 , 196
272 , 195
274 , 198
275 , 198
276 , 196
277 , 197
278 , 198
279 , 198
280 , 197
281 , 199
282 , 199
283 , 198
284 , 197
285 , 198
286 , 199
288 , 199
289 , 199
290 , 198
291 , 199
292 , 198
293 , 199
294 , 199
295 , 199
296 , 199
298 , 199
299 , 198
300 , 199
301 , 199
302 , 198
303 , 197
304 , 197
305 , 197
306 , 198
307 , 197
308 , 199
309 , 198
310 , 198
311 , 198
312 , 199
313 , 198
314 , 198
315 , 198
316 , 197
317 , 197
318 , 199
319 , 199
320 , 198
321 , 198
322 , 200
323 , 199
324 , 200
325 , 201
326 , 200
327 , 201
328 , 201
330 , 203
329 , 204
331 , 204
322 , 177
319 , 177
318 , 177
324 , 149
325 , 149
326 , 147
327 , 148
329 , 148
330 , 147
331 , 147
332 , 147
333 , 146
334 , 147
335 , 147
336 , 147
337 , 145
338 , 145
339 , 146
340 , 147
341 , 146
342 , 147
343 , 145
344 , 145
345 , 146
346 , 147
347 , 146
348 , 147
349 , 146
350 , 146
351 , 146
352 , 147
353 , 146
354 , 146
355 , 148
356 , 148
357 , 149
358 , 150
359 , 151
360 , 150
361 , 151
362 , 151
363 , 150
364 , 150
365 , 151
366 , 152
367 , 151
368 , 151
369 , 152
370 , 152
368 , 154
367 , 154
366 , 155
364 , 156
363 , 157
362 , 158
361 , 158
360 , 158
365 , 157
366 , 158
367 , 157
368 , 157
369 , 155
370 , 155
371 , 155
372 , 155
373 , 156
374 , 155
375 , 154
376 , 154
373 , 153
369 , 161
370 , 162
371 , 163
372 , 163
375 , 168
377 , 170
378 , 171
383 , 179
386 , 176
386 , 182
383 , 185
386 , 188
383 , 191
386 , 194
383 , 197
386 , 200
383 , 203
386 , 206
383 , 209
383 , 224
383 , 230
383 , 236
390 , 269
363 , 274
362 , 275
361 , 276
360 , 278
359 , 278
358 , 281
357 , 281
356 , 281
355 , 282
354 , 281
353 , 282
351 , 287
350 , 288
352 , 288
353 , 290
354 , 290
355 , 291
356 , 291
357 , 291
358 , 291
359 , 290
349 , 286
348 , 287
341 , 282
340 , 281
339 , 281
338 , 280
337 , 278
336 , 278
338 , 277
339 , 278
336 , 275
335 , 275
334 , 275
333 , 272
332 , 272
331 , 271
330 , 272
327 , 273
326 , 273
325 , 273
326 , 276
327 , 276
328 , 275
329 , 276
328 , 278
327 , 279
329 , 279
328 , 281
327 , 282
326 , 282
325 , 283
324 , 282
322 , 284
321 , 283
320 , 284
319 , 285
318 , 285
317 , 285
316 , 284
315 , 283
314 , 283
313 , 284
312 , 284
311 , 282
310 , 282
309 , 281
310 , 279
311 , 279
309 , 278
308 , 278
310 , 276
311 , 276
309 , 275
311 , 273
312 , 272
313 , 271
312 , 269
311 , 268
313 , 268
314 , 268
315 , 268
316 , 269
317 , 269
318 , 268
319 , 268
320 , 267
322 , 268
324 , 268
325 , 269
326 , 269
328 , 269
323 , 270
310 , 270
309 , 270
308 , 271
307 , 272
305 , 273
303 , 272
302 , 273
301 , 275
300 , 275
299 , 275
298 , 277
297 , 277
296 , 276
304 , 271
306 , 270
312 , 281
321 , 286
323 , 285
324 , 285
315 , 301
314 , 301
313 , 302
312 , 301
310 , 300
311 , 299
316 , 302
317 , 303
318 , 304
319 , 304
320 , 304
322 , 306
324 , 308
325 , 307
326 , 307
327 , 308
328 , 308
331 , 308
332 , 309
333 , 308
334 , 308
335 , 307
336 , 308
337 , 306
338 , 307
339 , 306
352 , 261
351 , 260
350 , 259
348 , 258
349 , 257
351 , 257
352 , 258
353 , 257
352 , 255
351 , 254
353 , 254
352 , 252
351 , 251
350 , 252
350 , 249
349 , 249
348 , 249
347 , 247
348 , 246
349 , 246
347 , 244
346 , 244
345 , 243
344 , 244
343 , 242
342 , 242
341 , 242
340 , 240
339 , 240
338 , 239
337 , 238
336 , 238
335 , 237
333 , 237
332 , 237
331 , 237
330 , 238
329 , 237
328 , 235
327 , 235
326 , 234
324 , 235
323 , 234
322 , 235
320 , 234
319 , 235
318 , 235
317 , 235
316 , 235
315 , 233
314 , 233
313 , 233
312 , 234
311 , 233
310 , 233
309 , 233
308 , 233
307 , 234
305 , 234
304 , 232
303 , 232
302 , 233
301 , 234
300 , 234
299 , 233
298 , 235
297 , 235
299 , 236
298 , 238
297 , 238
296 , 238
295 , 240
296 , 241
297 , 241
295 , 243
294 , 243
296 , 244
295 , 246
294 , 246
296 , 247
295 , 249
294 , 249
294 , 252
295 , 252
296 , 252
297 , 254
298 , 254
299 , 253
300 , 252
301 , 253
302 , 252
303 , 251
304 , 251
306 , 251
305 , 253
307 , 253
308 , 252
309 , 252
310 , 252
311 , 251
312 , 252
313 , 251
314 , 251
315 , 251
316 , 252
317 , 252
318 , 252
319 , 252
320 , 251
321 , 250
322 , 251
323 , 250
324 , 251
325 , 252
326 , 252
327 , 253
329 , 253
330 , 253
331 , 252
332 , 252
333 , 251
334 , 253
335 , 253
336 , 252
338 , 252
339 , 252
340 , 252
341 , 254
340 , 255
342 , 253
343 , 253
344 , 255
343 , 256
345 , 256
346 , 257
347 , 256
346 , 254
345 , 246
337 , 241
335 , 240
334 , 239
330 , 235
326 , 237
325 , 236
321 , 233
317 , 232
316 , 232
307 , 231
306 , 232
305 , 231
321 , 253
323 , 253
327 , 250
328 , 251
337 , 254
353 , 260
390 , 299
396 , 309
395 , 310
394 , 310
405 , 306
406 , 308
391 , 339
390 , 340
389 , 341
390 , 343
389 , 344
390 , 346
389 , 347
390 , 349
389 , 350
390 , 352
389 , 353
388 , 354
389 , 356
388 , 357
389 , 359
388 , 360
390 , 358
390 , 355
391 , 354
391 , 351
391 , 348
391 , 345
391 , 342
392 , 341
384 , 386
383 , 386
322 , 378
321 , 379
320 , 379
320 , 376
319 , 376
321 , 376
320 , 373
319 , 373
318 , 373
317 , 371
316 , 371
318 , 370
317 , 368
316 , 368
315 , 367
314 , 366
313 , 365
314 , 363
313 , 362
312 , 361
311 , 360
310 , 358
311 , 357
309 , 356
308 , 357
308 , 354
307 , 353
306 , 353
305 , 351
304 , 350
303 , 349
302 , 348
301 , 346
302 , 345
303 , 346
304 , 347
306 , 350
299 , 350
298 , 351
297 , 350
296 , 348
297 , 347
298 , 348
296 , 345
295 , 344
297 , 344
296 , 342
295 , 341
294 , 342
293 , 341
294 , 339
293 , 338
292 , 337
294 , 336
295 , 338
296 , 339
297 , 341
298 , 342
299 , 342
300 , 344
299 , 353
298 , 354
297 , 353
297 , 356
298 , 357
299 , 356
299 , 359
298 , 360
297 , 359
297 , 362
296 , 362
295 , 362
294 , 364
295 , 365
296 , 365
293 , 366
291 , 367
289 , 367
288 , 367
286 , 367
285 , 365
284 , 365
283 , 364
282 , 364
280 , 365
281 , 366
282 , 367
280 , 368
279 , 367
278 , 369
277 , 369
276 , 369
278 , 372
279 , 372
283 , 375
284 , 376
285 , 376
286 , 378
287 , 377
290 , 378
292 , 379
293 , 381
294 , 380
297 , 380
298 , 381
299 , 381
300 , 382
301 , 382
302 , 383
303 , 382
304 , 383
305 , 382
306 , 383
307 , 382
309 , 382
310 , 382
311 , 382
312 , 382
316 , 365
315 , 364
292 , 364
291 , 364
290 , 365
287 , 365
279 , 358
278 , 359
280 , 357
281 , 356
280 , 354
281 , 353
282 , 352
283 , 350
282 , 349
283 , 347
284 , 348
284 , 345
283 , 344
284 , 342
283 , 341
285 , 341
284 , 339
283 , 338
285 , 338
284 , 336
283 , 335
282 , 333
283 , 332
284 , 333
284 , 330
283 , 329
282 , 330
241 , 342
240 , 343
239 , 343
238 , 344
237 , 346
236 , 347
235 , 346
234 , 348
233 , 349
232 , 349
231 , 351
230 , 352
232 , 352
233 , 352
231 , 354
230 , 355
229 , 355
228 , 356
227 , 358
226 , 358
228 , 359
227 , 361
226 , 361
225 , 361
224 , 363
223 , 363
222 , 365
223 , 366
224 , 366
225 , 364
221 , 367
222 , 368
220 , 369
219 , 370
221 , 370
220 , 372
219 , 373
218 , 372
218 , 375
239 , 358
240 , 358
241 , 359
240 , 355
239 , 355
238 , 356
238 , 353
239 , 352
238 , 350
239 , 349
238 , 347
239 , 346
263 , 375
265 , 374
190 , 390
189 , 390
189 , 387
183 , 393
175 , 388
174 , 387
173 , 388
172 , 387
173 , 385
172 , 384
174 , 384
175 , 385
176 , 386
177 , 384
176 , 383
178 , 383
174 , 390
173 , 391
172 , 390
171 , 390
163 , 394
162 , 394
161 , 393
160 , 392
159 , 392
162 , 391
161 , 396
162 , 397
158 , 384
156 , 377
153 , 362
152 , 360
153 , 359
152 , 357
153 , 356
152 , 354
152 , 351
152 , 348
152 , 345
151 , 344
150 , 343
149 , 343
148 , 344
147 , 345
151 , 341
152 , 342
153 , 342
143 , 352
137 , 357
136 , 357
135 , 358
134 , 357
133 , 357
133 , 360
134 , 360
135 , 361
136 , 360
137 , 360
138 , 358
136 , 363
135 , 364
134 , 363
133 , 363
133 , 366
134 , 366
135 , 367
134 , 369
133 , 369
132 , 369
132 , 372
133 , 372
134 , 372
132 , 375
118 , 346
119 , 345
123 , 344
126 , 343
127 , 342
128 , 341
129 , 342
134 , 339
135 , 338
137 , 333
138 , 332
139 , 331
140 , 330
141 , 329
142 , 329
143 , 328
144 , 328
145 , 328
146 , 327
145 , 325
144 , 325
146 , 324
147 , 324
148 , 322
147 , 321
148 , 319
149 , 320
150 , 319
150 , 316
151 , 316
165 , 316
166 , 316
167 , 317
168 , 318
166 , 319
167 , 320
168 , 321
166 , 322
167 , 323
168 , 324
166 , 325
167 , 326
168 , 327
167 , 329
168 , 330
169 , 329
169 , 332
168 , 333
167 , 332
167 , 335
168 , 336
169 , 335
169 , 338
168 , 339
170 , 339
169 , 341
170 , 342
169 , 344
170 , 345
171 , 344
172 , 346
171 , 347
170 , 348
171 , 350
172 , 349
173 , 348
174 , 350
173 , 351
172 , 352
173 , 354
174 , 353
175 , 353
176 , 354
177 , 355
178 , 355
179 , 357
180 , 358
181 , 358
182 , 358
183 , 359
184 , 359
185 , 359
186 , 359
186 , 362
185 , 362
184 , 362
184 , 365
185 , 365
186 , 365
187 , 364
187 , 367
186 , 368
185 , 368
187 , 370
188 , 371
176 , 372
175 , 371
174 , 369
173 , 369
175 , 368
176 , 369
176 , 366
177 , 366
174 , 366
175 , 356
182 , 355
183 , 356
184 , 356
185 , 356
184 , 353
183 , 353
182 , 352
181 , 352
183 , 350
184 , 350
182 , 349
181 , 349
180 , 348
181 , 346
182 , 346
183 , 347
180 , 345
181 , 343
182 , 343
180 , 342
179 , 342
181 , 340
180 , 339
179 , 339
181 , 337
180 , 336
179 , 336
178 , 336
178 , 333
179 , 333
180 , 333
180 , 330
179 , 330
178 , 330
177 , 331
177 , 328
178 , 327
179 , 327
177 , 325
176 , 324
178 , 324
179 , 324
177 , 322
176 , 321
178 , 321
179 , 321
177 , 319
176 , 318
178 , 318
177 , 316
176 , 315
175 , 316
175 , 313
176 , 312
177 , 313
178 , 312
177 , 310
176 , 309
175 , 310
175 , 307
176 , 306
177 , 307
177 , 304
176 , 303
175 , 304
174 , 305
174 , 302
175 , 301
176 , 300
177 , 301
177 , 298
176 , 297
175 , 298
174 , 299
174 , 296
175 , 295
176 , 294
174 , 293
175 , 292
176 , 291
174 , 290
175 , 289
176 , 288
174 , 287
173 , 287
175 , 286
176 , 285
174 , 284
173 , 284
175 , 283
176 , 282
174 , 281
175 , 280
176 , 279
174 , 278
173 , 277
172 , 278
171 , 277
169 , 279
170 , 280
171 , 280
169 , 282
168 , 282
167 , 282
166 , 282
165 , 282
164 , 283
163 , 284
162 , 284
161 , 285
160 , 285
159 , 284
158 , 285
157 , 284
156 , 285
155 , 284
154 , 283
153 , 284
152 , 285
152 , 282
151 , 282
150 , 282
149 , 281
148 , 281
149 , 284
162 , 287
163 , 287
164 , 288
163 , 290
162 , 290
164 , 291
165 , 292
163 , 293
164 , 294
165 , 295
163 , 296
164 , 297
165 , 298
166 , 298
164 , 300
165 , 301
166 , 301
164 , 303
165 , 304
166 , 304
167 , 305
166 , 307
165 , 307
164 , 306
167 , 308
166 , 310
165 , 310
167 , 311
166 , 313
165 , 313
167 , 314
178 , 315
206 , 305
207 , 304
208 , 306
207 , 307
209 , 308
210 , 309
211 , 308
212 , 309
213 , 308
214 , 309
216 , 307
217 , 307
218 , 307
219 , 306
220 , 306
221 , 306
222 , 305
223 , 304
224 , 305
225 , 305
227 , 303
226 , 302
228 , 302
229 , 302
231 , 300
230 , 299
232 , 298
233 , 298
232 , 276
239 , 272
242 , 277
176 , 276
175 , 277
174 , 275
173 , 274
175 , 274
176 , 273
174 , 272
175 , 271
176 , 270
174 , 269
173 , 270
175 , 268
176 , 267
174 , 266
175 , 265
176 , 264
174 , 263
175 , 262
176 , 261
174 , 260
175 , 259
176 , 258
177 , 258
175 , 256
174 , 257
176 , 255
177 , 255
175 , 253
174 , 254
176 , 252
177 , 252
175 , 250
174 , 251
176 , 249
177 , 249
175 , 247
174 , 248
176 , 246
177 , 246
178 , 244
177 , 243
176 , 243
175 , 244
175 , 241
176 , 240
177 , 240
178 , 241
178 , 238
177 , 237
176 , 237
175 , 238
176 , 234
177 , 234
178 , 235
223 , 203
224 , 203
225 , 201
226 , 200
276 , 173
278 , 173
297 , 197
328 , 146
329 , 145
330 , 144
331 , 144
332 , 144
333 , 143
334 , 144
335 , 144
336 , 142
335 , 141
334 , 141
336 , 139
337 , 139
338 , 138
339 , 139
340 , 137
339 , 136
338 , 135
337 , 134
336 , 133
335 , 132
334 , 131
333 , 131
332 , 131
330 , 132
329 , 132
328 , 131
327 , 130
326 , 131
325 , 132
324 , 132
323 , 133
321 , 131
320 , 131
319 , 130
318 , 130
317 , 130
316 , 130
315 , 130
314 , 130
313 , 130
312 , 131
311 , 129
310 , 129
309 , 129
308 , 130
306 , 129
305 , 128
304 , 127
303 , 127
302 , 128
301 , 127
300 , 127
299 , 126
298 , 127
297 , 128
296 , 126
295 , 126
294 , 125
293 , 125
291 , 125
290 , 127
289 , 127
288 , 127
287 , 128
286 , 128
285 , 127
284 , 126
283 , 127
281 , 127
279 , 126
278 , 125
277 , 124
276 , 125
275 , 124
274 , 124
273 , 124
271 , 124
270 , 125
269 , 126
268 , 127
267 , 126
266 , 127
265 , 126
264 , 127
263 , 126
262 , 127
261 , 126
260 , 125
259 , 126
258 , 127
257 , 128
255 , 127
254 , 128
253 , 128
251 , 127
250 , 127
249 , 127
248 , 128
247 , 129
245 , 128
244 , 129
243 , 129
242 , 128
241 , 127
240 , 127
239 , 129
238 , 129
237 , 130
236 , 129
235 , 130
234 , 131
233 , 131
232 , 131
231 , 132
230 , 133
229 , 132
228 , 133
227 , 132
226 , 133
225 , 134
224 , 134
223 , 136
222 , 137
221 , 137
219 , 139
220 , 140
221 , 140
222 , 140
223 , 139
224 , 137
225 , 137
226 , 136
227 , 135
229 , 135
236 , 132
240 , 130
241 , 130
243 , 126
244 , 126
246 , 127
247 , 126
248 , 125
252 , 126
253 , 125
254 , 125
256 , 126
257 , 125
258 , 124
262 , 124
264 , 124
266 , 124
268 , 124
271 , 127
272 , 126
273 , 127
274 , 127
275 , 127
277 , 127
280 , 125
281 , 124
282 , 125
283 , 124
285 , 124
286 , 125
287 , 125
291 , 128
292 , 127
293 , 128
294 , 128
297 , 125
299 , 129
306 , 126
307 , 128
308 , 127
312 , 128
313 , 127
322 , 130
323 , 130
327 , 133
331 , 133
332 , 134
333 , 134
334 , 134
335 , 135
338 , 132
339 , 133
340 , 134
341 , 135
342 , 135
343 , 135
344 , 134
345 , 135
346 , 134
341 , 138
340 , 144
342 , 144
350 , 149
351 , 149
353 , 149
354 , 149
358 , 147
359 , 148
361 , 148
366 , 106
365 , 105
364 , 105
366 , 103
365 , 102
367 , 102
366 , 100
367 , 99
368 , 100
368 , 97
369 , 97
367 , 96
366 , 97
368 , 94
369 , 94
370 , 95
371 , 95
372 , 94
371 , 92
370 , 92
372 , 91
373 , 90
374 , 90
375 , 88
374 , 87
373 , 87
372 , 88
371 , 89
376 , 87
377 , 88
378 , 87
377 , 85
376 , 84
375 , 85
378 , 84
379 , 84
380 , 85
381 , 83
382 , 83
383 , 82
382 , 80
381 , 80
379 , 81
380 , 82
383 , 79
384 , 80
385 , 79
386 , 78
387 , 79
388 , 79
389 , 78
390 , 78
391 , 78
392 , 78
393 , 78
394 , 79
395 , 77
396 , 77
397 , 76
398 , 77
399 , 77
400 , 77
401 , 76
402 , 76
403 , 76
405 , 76
406 , 76
404 , 78
403 , 79
402 , 79
401 , 79
397 , 79
394 , 74
393 , 74
392 , 75
391 , 75
390 , 75
389 , 75
388 , 76
387 , 76
395 , 73
396 , 72
397 , 71
398 , 71
399 , 71
400 , 71
401 , 69
402 , 69
403 , 69
404 , 70
405 , 68
404 , 67
406 , 67
407 , 66
408 , 65
409 , 64
410 , 64
411 , 64
412 , 64
413 , 64
413 , 67
412 , 67
411 , 67
410 , 67
409 , 67
408 , 68
407 , 69
400 , 68
405 , 60
406 , 60
407 , 59
408 , 60
409 , 61
410 , 61
411 , 61
406 , 57
405 , 57
404 , 57
403 , 56
402 , 57
401 , 56
400 , 55
399 , 56
398 , 56
397 , 54
396 , 54
395 , 55
394 , 55
393 , 54
392 , 54
391 , 54
390 , 52
389 , 51
388 , 52
387 , 51
386 , 50
385 , 50
384 , 50
384 , 53
383 , 53
382 , 53
385 , 53
386 , 53
387 , 48
388 , 48
389 , 47
390 , 48
391 , 49
392 , 48
393 , 48
394 , 47
395 , 47
396 , 48
397 , 48
398 , 46
397 , 45
396 , 45
398 , 43
397 , 42
396 , 42
395 , 42
394 , 41
393 , 42
392 , 41
391 , 41
390 , 40
389 , 38
388 , 38
387 , 38
386 , 39
385 , 37
386 , 36
387 , 35
385 , 34
384 , 35
383 , 34
382 , 35
381 , 36
380 , 35
379 , 34
378 , 35
377 , 35
377 , 32
376 , 32
375 , 32
374 , 33
373 , 31
372 , 31
371 , 31
370 , 32
369 , 33
368 , 31
367 , 30
366 , 30
365 , 29
363 , 28
362 , 29
361 , 30
360 , 29
359 , 30
358 , 29
357 , 28
355 , 28
354 , 29
353 , 29
352 , 30
351 , 29
350 , 30
349 , 30
348 , 31
347 , 30
346 , 29
345 , 28
343 , 29
342 , 29
341 , 29
340 , 28
338 , 30
337 , 29
335 , 30
334 , 30
333 , 30
332 , 30
331 , 30
330 , 29
330 , 32
329 , 32
328 , 32
327 , 31
326 , 32
325 , 33
324 , 33
323 , 33
322 , 33
321 , 34
320 , 34
319 , 34
318 , 34
317 , 35
316 , 35
315 , 35
314 , 36
312 , 36
311 , 37
310 , 38
309 , 38
308 , 37
307 , 37
306 , 38
305 , 38
304 , 38
303 , 39
302 , 39
304 , 41
305 , 41
303 , 42
302 , 42
301 , 42
300 , 43
299 , 45
298 , 45
300 , 46
301 , 45
302 , 45
299 , 48
298 , 48
297 , 48
296 , 49
295 , 50
296 , 52
295 , 53
294 , 53
293 , 55
294 , 56
295 , 56
296 , 55
295 , 59
294 , 59
293 , 58
292 , 58
292 , 61
291 , 61
293 , 61
294 , 62
293 , 64
292 , 64
291 , 64
291 , 67
292 , 67
293 , 67
293 , 70
292 , 70
291 , 70
290 , 71
291 , 73
292 , 73
293 , 73
293 , 76
292 , 76
291 , 76
290 , 77
291 , 79
292 , 79
293 , 79
293 , 82
292 , 82
291 , 82
290 , 80
291 , 85
292 , 85
293 , 85
294 , 85
294 , 88
293 , 88
292 , 88
292 , 91
293 , 91
294 , 91
295 , 92
294 , 94
293 , 94
292 , 94
295 , 95
296 , 94
290 , 74
290 , 68
297 , 51
298 , 51
307 , 40
309 , 35
310 , 35
311 , 34
313 , 34
314 , 33
316 , 32
317 , 32
319 , 31
320 , 31
321 , 31
323 , 30
324 , 30
325 , 30
322 , 27
319 , 25
318 , 25
317 , 26
316 , 26
315 , 26
314 , 27
313 , 28
312 , 28
311 , 28
311 , 31
312 , 31
310 , 32
309 , 32
315 , 29
318 , 28
314 , 24
313 , 25
312 , 25
311 , 24
310 , 25
309 , 24
308 , 25
307 , 24
306 , 25
305 , 24
304 , 23
303 , 24
302 , 23
301 , 24
300 , 24
299 , 25
298 , 24
297 , 25
296 , 26
295 , 25
294 , 26
293 , 25
292 , 26
291 , 25
290 , 25
289 , 25
288 , 25
287 , 25
286 , 25
284 , 27
285 , 28
286 , 28
287 , 28
288 , 28
289 , 28
284 , 30
283 , 29
282 , 30
281 , 30
280 , 29
279 , 30
278 , 30
276 , 32
275 , 32
274 , 33
275 , 35
276 , 35
274 , 36
273 , 36
272 , 36
271 , 36
270 , 38
269 , 39
268 , 40
267 , 40
266 , 42
265 , 43
267 , 43
268 , 43
269 , 42
270 , 41
271 , 39
272 , 39
277 , 33
278 , 33
279 , 33
280 , 32
292 , 23
294 , 23
295 , 22
296 , 23
297 , 22
299 , 22
306 , 22
308 , 22
331 , 33
336 , 31
337 , 32
339 , 31
340 , 31
341 , 32
342 , 32
343 , 32
344 , 30
345 , 31
348 , 28
355 , 31
356 , 30
357 , 31
360 , 32
362 , 32
363 , 31
364 , 31
365 , 32
369 , 30
374 , 30
378 , 32
380 , 32
381 , 33
383 , 37
390 , 37
391 , 38
392 , 38
393 , 39
399 , 44
400 , 46
399 , 47
401 , 47
402 , 48
400 , 49
401 , 50
403 , 50
404 , 51
405 , 50
402 , 54
399 , 53
398 , 53
395 , 52
394 , 52
403 , 59
409 , 78
408 , 79
407 , 79
406 , 79
405 , 79
410 , 79
411 , 79
412 , 79
413 , 80
414 , 81
415 , 79
414 , 78
416 , 80
417 , 80
418 , 79
419 , 79
420 , 81
421 , 81
422 , 81
423 , 82
424 , 83
425 , 82
426 , 82
427 , 82
427 , 85
426 , 85
425 , 85
428 , 85
429 , 85
430 , 84
432 , 84
433 , 85
431 , 86
430 , 87
432 , 87
433 , 88
434 , 87
435 , 86
436 , 88
435 , 89
434 , 90
437 , 90
438 , 90
439 , 90
440 , 90
441 , 90
442 , 91
443 , 92
444 , 92
445 , 93
446 , 94
447 , 95
448 , 96
446 , 97
445 , 96
444 , 95
443 , 95
442 , 94
441 , 93
440 , 93
439 , 93
437 , 87
447 , 98
448 , 99
449 , 99
450 , 98
450 , 101
451 , 101
452 , 102
453 , 102
451 , 104
450 , 104
449 , 105
448 , 104
447 , 104
446 , 104
445 , 105
444 , 105
443 , 103
442 , 103
441 , 103
440 , 104
439 , 104
438 , 105
437 , 103
436 , 103
435 , 104
434 , 105
433 , 104
432 , 104
431 , 103
429 , 104
428 , 105
427 , 105
426 , 107
425 , 107
424 , 108
423 , 108
422 , 108
421 , 109
420 , 109
419 , 108
418 , 109
417 , 107
416 , 107
415 , 107
413 , 109
412 , 108
420 , 106
421 , 106
423 , 105
424 , 105
427 , 108
426 , 110
425 , 110
428 , 110
429 , 109
430 , 110
431 , 111
432 , 109
433 , 109
434 , 111
435 , 110
436 , 109
437 , 109
438 , 111
439 , 111
440 , 111
441 , 110
442 , 110
443 , 110
443 , 113
442 , 113
441 , 113
444 , 113
445 , 113
446 , 114
447 , 114
448 , 115
450 , 115
451 , 116
452 , 114
453 , 114
454 , 114
456 , 114
455 , 116
454 , 117
456 , 117
457 , 117
458 , 116
459 , 115
460 , 117
461 , 117
462 , 117
463 , 117
459 , 118
458 , 119
456 , 120
455 , 119
454 , 120
453 , 119
452 , 120
451 , 122
450 , 122
449 , 122
449 , 125
448 , 125
447 , 126
446 , 127
445 , 128
448 , 128
450 , 125
451 , 125
452 , 126
453 , 126
454 , 126
455 , 126
456 , 127
457 , 128
458 , 127
459 , 127
460 , 127
461 , 127
462 , 128
463 , 129
464 , 129
465 , 129
466 , 129
467 , 130
468 , 130
469 , 131
471 , 131
472 , 132
473 , 132
474 , 133
470 , 133
468 , 133
467 , 133
466 , 132
465 , 132
464 , 132
463 , 132
462 , 131
461 , 131
460 , 133
459 , 133
458 , 134
457 , 135
456 , 135
455 , 134
454 , 136
455 , 137
456 , 138
454 , 139
453 , 138
452 , 139
451 , 138
450 , 138
449 , 138
447 , 137
446 , 138
445 , 139
444 , 138
443 , 138
442 , 139
441 , 139
440 , 140
439 , 141
438 , 141
437 , 140
436 , 140
435 , 141
434 , 140
433 , 141
432 , 141
431 , 141
430 , 140
429 , 139
427 , 140
426 , 142
425 , 143
424 , 144
423 , 145
422 , 145
421 , 145
420 , 145
419 , 145
417 , 145
416 , 146
415 , 147
414 , 147
416 , 149
415 , 150
414 , 150
413 , 150
412 , 150
411 , 150
409 , 151
410 , 152
411 , 153
412 , 153
410 , 155
409 , 154
408 , 154
407 , 155
406 , 157
405 , 158
404 , 158
403 , 160
402 , 160
404 , 161
405 , 161
407 , 158
408 , 157
417 , 148
418 , 147
419 , 148
422 , 142
423 , 142
424 , 141
427 , 143
428 , 142
429 , 142
432 , 138
433 , 138
435 , 138
438 , 138
439 , 138
440 , 137
446 , 141
447 , 140
448 , 140
449 , 141
450 , 141
451 , 141
452 , 142
453 , 141
454 , 142
455 , 143
456 , 142
457 , 141
458 , 141
459 , 141
460 , 141
461 , 142
460 , 144
459 , 144
458 , 144
461 , 145
462 , 144
463 , 144
464 , 144
465 , 144
466 , 145
465 , 147
464 , 147
466 , 148
467 , 147
468 , 147
469 , 146
471 , 147
470 , 149
469 , 149
471 , 150
472 , 149
473 , 149
474 , 151
473 , 152
472 , 152
475 , 152
476 , 151
477 , 152
478 , 153
476 , 154
477 , 155
478 , 156
479 , 156
480 , 155
481 , 155
483 , 157
482 , 158
481 , 158
480 , 158
482 , 161
483 , 160
484 , 159
485 , 161
484 , 162
485 , 164
486 , 163
487 , 164
488 , 165
489 , 166
491 , 166
490 , 164
487 , 167
486 , 166
485 , 167
484 , 167
483 , 166
481 , 166
479 , 167
480 , 168
481 , 169
482 , 168
483 , 169
480 , 171
479 , 170
478 , 169
477 , 169
476 , 170
475 , 169
474 , 170
473 , 172
472 , 173
471 , 173
470 , 173
468 , 174
467 , 175
469 , 175
470 , 176
471 , 176
473 , 175
474 , 173
475 , 172
476 , 173
477 , 172
469 , 178
468 , 177
467 , 178
466 , 178
465 , 179
464 , 180
463 , 179
462 , 179
462 , 182
461 , 182
460 , 183
463 , 182
464 , 183
465 , 182
466 , 182
467 , 184
468 , 184
466 , 185
465 , 185
468 , 187
469 , 186
470 , 186
471 , 188
470 , 189
471 , 191
472 , 190
473 , 190
474 , 191
475 , 192
473 , 193
472 , 193
470 , 193
469 , 192
468 , 193
467 , 194
465 , 193
464 , 192
463 , 191
462 , 191
461 , 192
459 , 192
457 , 193
456 , 194
458 , 194
459 , 195
460 , 194
461 , 195
462 , 194
463 , 194
466 , 192
467 , 191
471 , 195
473 , 196
474 , 194
475 , 195
476 , 194
477 , 196
476 , 197
478 , 198
479 , 199
480 , 198
481 , 198
482 , 199
483 , 201
484 , 201
485 , 201
486 , 202
487 , 204
488 , 203
490 , 205
489 , 206
491 , 207
492 , 208
479 , 196
478 , 195
472 , 187
457 , 196
456 , 197
455 , 196
454 , 196
453 , 196
452 , 197
451 , 196
450 , 198
449 , 198
448 , 197
453 , 199
454 , 199
455 , 199
456 , 200
457 , 200
458 , 200
459 , 201
460 , 200
461 , 202
462 , 202
460 , 203
461 , 205
462 , 205
463 , 205
464 , 204
464 , 207
465 , 207
466 , 208
465 , 210
464 , 210
463 , 208
466 , 211
465 , 213
464 , 213
466 , 214
467 , 214
468 , 216
467 , 217
466 , 217
465 , 216
466 , 220
467 , 220
468 , 219
469 , 221
468 , 222
467 , 223
466 , 223
468 , 225
467 , 226
466 , 226
468 , 228
467 , 229
468 , 231
469 , 230
470 , 229
469 , 227
469 , 224
470 , 232
469 , 233
468 , 234
469 , 236
470 , 235
471 , 237
470 , 238
471 , 240
470 , 241
469 , 242
468 , 242
467 , 241
464 , 239
463 , 239
462 , 238
461 , 239
461 , 236
462 , 235
463 , 236
465 , 238
463 , 233
462 , 232
461 , 233
460 , 234
460 , 231
461 , 230
462 , 229
460 , 228
459 , 228
458 , 226
459 , 225
460 , 225
461 , 227
458 , 223
457 , 223
456 , 223
455 , 221
454 , 221
456 , 220
457 , 220
458 , 220
459 , 222
455 , 218
454 , 218
453 , 217
452 , 218
451 , 216
450 , 215
449 , 214
448 , 214
447 , 215
446 , 213
445 , 213
444 , 213
443 , 213
442 , 213
441 , 213
439 , 211
438 , 210
437 , 209
436 , 209
435 , 210
434 , 209
436 , 212
437 , 212
440 , 210
441 , 210
442 , 210
443 , 210
444 , 210
445 , 210
447 , 212
451 , 213
452 , 215
472 , 239
472 , 242
471 , 243
470 , 244
475 , 294
478 , 297
485 , 293
486 , 295
487 , 295
488 , 296
489 , 296
490 , 296
491 , 296
490 , 299
489 , 299
488 , 299
488 , 302
489 , 302
490 , 302
478 , 312
475 , 315
486 , 160
462 , 134
461 , 134
455 , 140
457 , 125
453 , 122
452 , 123
451 , 113
450 , 112
449 , 113
448 , 112
447 , 111
446 , 111
452 , 105
453 , 105
454 , 105
455 , 104
456 , 106
455 , 107
457 , 108
449 , 102
445 , 102
444 , 102
438 , 102
431 , 106
430 , 105
436 , 112
437 , 112
422 , 84
419 , 82
418 , 82
367 , 105
270 , 72
269 , 71
268 , 70
267 , 71
266 , 70
265 , 71
265 , 68
264 , 67
263 , 68
263 , 65
262 , 64
261 , 64
260 , 62
259 , 61
261 , 61
262 , 61
263 , 62
264 , 64
265 , 65
266 , 67
267 , 68
268 , 73
267 , 74
269 , 74
260 , 59
259 , 58
258 , 58
257 , 57
256 , 56
255 , 55
256 , 53
255 , 52
254 , 51
253 , 49
254 , 48
255 , 49
256 , 50
258 , 52
259 , 52
260 , 51
261 , 50
262 , 51
261 , 53
260 , 54
259 , 55
258 , 55
257 , 54
262 , 48
261 , 47
263 , 46
264 , 45
265 , 46
266 , 45
264 , 48
263 , 49
253 , 46
252 , 47
251 , 46
250 , 45
249 , 45
248 , 44
247 , 45
246 , 45
245 , 47
246 , 48
247 , 48
248 , 47
245 , 50
244 , 49
243 , 50
244 , 52
243 , 53
242 , 54
241 , 54
240 , 54
239 , 53
237 , 53
236 , 55
235 , 55
234 , 56
233 , 56
231 , 55
230 , 55
229 , 54
228 , 53
227 , 52
226 , 51
225 , 51
224 , 51
223 , 51
221 , 50
220 , 50
219 , 50
218 , 50
217 , 49
215 , 48
214 , 48
213 , 47
211 , 46
210 , 45
209 , 46
208 , 46
206 , 47
205 , 47
204 , 47
203 , 47
202 , 47
201 , 45
200 , 45
199 , 46
198 , 46
197 , 45
196 , 46
195 , 45
194 , 44
193 , 43
192 , 44
191 , 45
190 , 45
189 , 46
188 , 45
187 , 45
186 , 45
184 , 45
183 , 46
182 , 47
180 , 47
179 , 46
178 , 46
176 , 48
175 , 47
174 , 48
173 , 47
172 , 47
171 , 47
170 , 48
169 , 47
166 , 47
165 , 48
167 , 58
168 , 58
169 , 59
170 , 59
171 , 58
172 , 58
173 , 58
174 , 59
175 , 58
176 , 59
177 , 59
178 , 57
179 , 57
180 , 58
181 , 59
182 , 58
183 , 57
184 , 56
185 , 58
184 , 59
186 , 57
187 , 57
188 , 57
189 , 58
190 , 57
191 , 57
192 , 56
194 , 56
195 , 57
196 , 58
197 , 57
198 , 58
199 , 58
200 , 57
201 , 57
202 , 58
203 , 57
204 , 57
205 , 59
204 , 60
206 , 58
207 , 58
208 , 57
209 , 57
210 , 58
211 , 57
212 , 57
213 , 57
213 , 60
212 , 60
211 , 60
209 , 60
208 , 60
210 , 55
211 , 54
212 , 54
210 , 52
209 , 52
208 , 51
207 , 51
206 , 50
205 , 50
207 , 48
207 , 44
206 , 44
205 , 44
204 , 44
203 , 44
202 , 44
201 , 42
200 , 42
199 , 43
198 , 43
196 , 43
193 , 46
185 , 47
181 , 45
181 , 56
177 , 56
171 , 61
168 , 61
167 , 61
166 , 62
165 , 61
164 , 62
163 , 61
162 , 60
161 , 60
160 , 60
158 , 61
157 , 62
159 , 62
160 , 63
161 , 63
162 , 63
158 , 64
157 , 65
156 , 64
155 , 65
154 , 65
153 , 65
152 , 67
151 , 68
150 , 69
149 , 69
148 , 69
147 , 71
146 , 72
145 , 73
144 , 72
143 , 74
142 , 75
144 , 75
147 , 74
148 , 72
149 , 72
153 , 68
154 , 68
164 , 59
166 , 59
192 , 59
193 , 58
194 , 59
214 , 60
215 , 61
216 , 60
222 , 49
223 , 48
220 , 47
219 , 47
218 , 47
217 , 46
216 , 47
215 , 45
214 , 45
213 , 44
212 , 45
209 , 43
208 , 43
229 , 51
230 , 52
231 , 52
232 , 54
233 , 53
234 , 53
237 , 56
238 , 55
239 , 56
245 , 53
246 , 51
247 , 42
248 , 41
249 , 42
250 , 42
251 , 43
252 , 44
253 , 43
252 , 41
251 , 40
250 , 39
249 , 39
251 , 37
250 , 36
249 , 36
251 , 34
250 , 33
251 , 31
250 , 30
251 , 28
252 , 29
252 , 26
253 , 26
251 , 25
252 , 23
253 , 23
254 , 22
253 , 20
252 , 20
254 , 19
253 , 17
254 , 16
255 , 16
253 , 14
254 , 13
255 , 13
255 , 10
254 , 10
256 , 8
255 , 7
254 , 7
256 , 5
255 , 4
256 , 2
257 , 2
252 , 32
252 , 35
225 , 93
224 , 94
223 , 93
222 , 92
221 , 93
220 , 92
219 , 93
218 , 93
217 , 92
216 , 92
215 , 92
214 , 93
213 , 91
212 , 91
211 , 90
210 , 91
209 , 90
208 , 89
207 , 90
206 , 90
205 , 88
204 , 88
203 , 89
201 , 89
200 , 88
199 , 89
197 , 88
195 , 88
193 , 88
191 , 87
190 , 87
188 , 87
187 , 87
186 , 87
185 , 87
185 , 84
186 , 84
187 , 84
188 , 84
189 , 85
190 , 84
191 , 84
192 , 86
193 , 85
194 , 86
195 , 85
196 , 86
197 , 85
198 , 86
199 , 86
200 , 85
201 , 86
202 , 87
203 , 86
206 , 87
207 , 87
210 , 88
214 , 90
220 , 95
222 , 95
223 , 96
211 , 129
212 , 131
198 , 147
197 , 148
196 , 147
118 , 116
117 , 116
116 , 117
115 , 116
114 , 117
113 , 117
112 , 117
111 , 118
110 , 119
109 , 120
108 , 121
107 , 122
106 , 124
105 , 125
104 , 125
103 , 126
102 , 127
103 , 129
102 , 130
101 , 131
100 , 131
99 , 132
98 , 134
97 , 136
96 , 136
95 , 138
94 , 139
93 , 139
92 , 140
91 , 142
92 , 143
93 , 142
90 , 144
104 , 128
105 , 128
107 , 125
108 , 124
109 , 123
110 , 122
111 , 121
112 , 120
111 , 115
112 , 114
113 , 114
114 , 114
115 , 113
116 , 114
80 , 225
78 , 225
77 , 225
76 , 225
78 , 228
79 , 227
80 , 228
81 , 228
91 , 244
92 , 245
93 , 244
90 , 246
89 , 247
91 , 247
92 , 248
90 , 249
89 , 250
91 , 250
90 , 252
89 , 253
91 , 253
90 , 255
89 , 256
88 , 255
91 , 256
90 , 258
89 , 259
91 , 259
90 , 261
89 , 262
88 , 263
89 , 265
90 , 264
91 , 265
90 , 267
89 , 268
91 , 268
90 , 270
89 , 271
91 , 271
92 , 271
90 , 273
89 , 274
91 , 274
92 , 274
90 , 276
89 , 277
91 , 277
92 , 277
90 , 279
89 , 280
91 , 280
92 , 280
90 , 282
89 , 283
91 , 283
92 , 283
90 , 285
89 , 286
91 , 286
92 , 286
90 , 288
89 , 289
91 , 289
90 , 291
89 , 292
91 , 292
90 , 294
89 , 295
88 , 294
88 , 297
87 , 297
89 , 298
90 , 297
88 , 300
87 , 300
86 , 301
85 , 302
84 , 304
85 , 305
86 , 304
87 , 303
88 , 303
89 , 301
91 , 308
90 , 309
92 , 309
93 , 309
94 , 308
95 , 308
96 , 308
97 , 309
98 , 309
99 , 307
98 , 306
97 , 306
100 , 305
101 , 304
102 , 304
103 , 305
104 , 306
105 , 306
106 , 305
105 , 303
104 , 303
103 , 302
104 , 300
105 , 300
106 , 299
107 , 299
108 , 298
109 , 298
110 , 298
111 , 296
110 , 295
109 , 295
108 , 295
108 , 301
107 , 302
106 , 302
102 , 307
101 , 307
103 , 308
104 , 309
105 , 309
103 , 311
102 , 312
104 , 312
103 , 314
102 , 315
101 , 314
100 , 314
100 , 317
99 , 317
101 , 317
102 , 318
101 , 320
100 , 320
99 , 320
98 , 320
97 , 322
96 , 322
95 , 324
94 , 325
93 , 326
92 , 327
96 , 325
97 , 325
98 , 323
99 , 323
90 , 312
89 , 311
88 , 311
87 , 310
86 , 310
85 , 310
84 , 310
83 , 309
82 , 308
81 , 309
80 , 308
79 , 309
77 , 310
76 , 312
75 , 312
74 , 312
73 , 313
77 , 313
78 , 312
79 , 312
80 , 311
81 , 312
82 , 312
83 , 313
84 , 313
85 , 313
84 , 307
83 , 306
91 , 311
114 , 347
143 , 331
144 , 331
191 , 398
91 , 262
504 , 642
505 , 642
506 , 642
506 , 645
505 , 645
504 , 645