8 , 64
10 , 64
9 , 67
12 , 68
13 , 65
14 , 65
15 , 67
16 , 68
17 , 70
18 , 70
19 , 70
20 , 70
21 , 70
22 , 69
23 , 69
24 , 69
25 , 69
26 , 68
27 , 66
28 , 67
29 , 66
30 , 64
33 , 64
34 , 65
35 , 66
36 , 68
37 , 67
38 , 69
39 , 68
41 , 68
42 , 67
43 , 67
44 , 69
45 , 70
46 , 69
47 , 72
48 , 72
49 , 73
50 , 73
51 , 74
52 , 74
53 , 75
54 , 76
55 , 77
56 , 77
59 , 77
58 , 80
57 , 80
56 , 81
55 , 81
54 , 80
53 , 79
52 , 78
51 , 78
50 , 77
49 , 77
48 , 76
47 , 76
46 , 77
45 , 78
44 , 77
43 , 76
42 , 76
41 , 76
39 , 76
40 , 74
38 , 73
39 , 72
41 , 72
42 , 72
43 , 72
44 , 73
45 , 74
46 , 73
49 , 68
47 , 65
50 , 64
52 , 62
51 , 61
49 , 60
48 , 61
50 , 58
53 , 59
56 , 60
58 , 60
57 , 57
55 , 56
54 , 55
56 , 55
58 , 55
59 , 56
60 , 56
61 , 57
62 , 55
63 , 54
64 , 55
65 , 54
66 , 55
67 , 53
68 , 54
69 , 55
70 , 56
71 , 55
72 , 54
74 , 55
75 , 56
76 , 56
77 , 55
78 , 56
80 , 56
81 , 57
82 , 56
83 , 56
85 , 56
87 , 57
88 , 57
89 , 59
90 , 60
91 , 60
92 , 58
93 , 59
94 , 59
95 , 59
96 , 57
97 , 58
98 , 59
99 , 57
100 , 57
101 , 55
102 , 53
104 , 52
105 , 54
106 , 54
107 , 54
108 , 56
109 , 55
111 , 55
113 , 55
114 , 56
112 , 57
110 , 57
109 , 59
111 , 59
113 , 59
114 , 60
115 , 58
116 , 58
117 , 56
118 , 56
119 , 57
120 , 57
121 , 59
122 , 59
123 , 61
124 , 61
126 , 59
127 , 61
128 , 58
129 , 56
130 , 56
131 , 56
133 , 54
132 , 53
131 , 52
130 , 52
129 , 52
127 , 51
125 , 52
124 , 51
123 , 51
122 , 49
121 , 48
118 , 47
117 , 47
116 , 45
115 , 45
113 , 46
114 , 47
111 , 45
110 , 46
108 , 45
109 , 44
107 , 43
106 , 43
105 , 43
103 , 43
102 , 44
100 , 44
99 , 43
97 , 44
96 , 43
95 , 42
94 , 41
93 , 42
91 , 41
92 , 40
93 , 38
94 , 37
95 , 38
96 , 39
97 , 40
98 , 41
99 , 39
100 , 40
102 , 40
101 , 38
103 , 36
101 , 34
100 , 35
99 , 35
97 , 36
96 , 35
95 , 34
94 , 33
93 , 34
92 , 36
91 , 37
89 , 40
88 , 42
86 , 39
84 , 39
79 , 37
75 , 38
74 , 39
72 , 37
71 , 36
70 , 36
68 , 35
67 , 35
66 , 35
65 , 36
64 , 34
63 , 34
62 , 34
60 , 36
59 , 36
57 , 37
56 , 39
55 , 40
54 , 39
53 , 38
52 , 37
50 , 38
48 , 39
49 , 35
48 , 33
51 , 34
55 , 32
58 , 34
61 , 37
62 , 38
63 , 38
64 , 38
65 , 40
66 , 39
67 , 39
68 , 40
69 , 38
70 , 41
71 , 45
69 , 47
70 , 48
68 , 49
66 , 50
64 , 51
63 , 50
62 , 51
60 , 52
59 , 52
58 , 51
56 , 51
55 , 52
54 , 51
53 , 52
52 , 52
51 , 52
49 , 54
48 , 51
50 , 49
51 , 48
52 , 47
53 , 48
54 , 47
55 , 48
56 , 47
58 , 47
59 , 48
60 , 48
61 , 49
57 , 49
57 , 45
55 , 44
54 , 43
53 , 44
51 , 44
50 , 45
49 , 46
52 , 42
56 , 43
58 , 43
59 , 44
60 , 44
61 , 45
62 , 42
63 , 42
64 , 43
61 , 41
60 , 40
59 , 40
58 , 39
57 , 41
65 , 47
61 , 53
57 , 53
62 , 59
63 , 58
64 , 59
65 , 58
66 , 59
67 , 57
68 , 58
69 , 59
70 , 60
71 , 59
72 , 58
73 , 58
74 , 59
75 , 60
76 , 60
77 , 59
78 , 60
79 , 59
80 , 60
82 , 60
83 , 60
84 , 59
85 , 60
86 , 59
88 , 61
90 , 56
91 , 56
92 , 54
93 , 55
94 , 55
95 , 55
97 , 53
96 , 51
99 , 51
100 , 51
98 , 55
101 , 59
102 , 58
103 , 56
104 , 57
105 , 58
106 , 58
107 , 58
108 , 62
103 , 60
102 , 63
99 , 61
96 , 62
89 , 54
88 , 50
90 , 49
91 , 49
93 , 46
94 , 45
95 , 46
98 , 45
101 , 46
103 , 47
105 , 47
106 , 47
107 , 47
109 , 49
108 , 50
111 , 50
110 , 53
112 , 53
115 , 54
116 , 54
119 , 53
120 , 53
121 , 54
122 , 54
123 , 55
124 , 55
125 , 56
126 , 54
127 , 55
128 , 54
126 , 49
128 , 47
127 , 45
129 , 45
130 , 46
131 , 45
132 , 46
134 , 47
133 , 49
134 , 52
135 , 52
136 , 50
137 , 51
138 , 51
140 , 52
141 , 52
142 , 53
143 , 53
144 , 52
145 , 52
146 , 51
147 , 50
148 , 49
150 , 49
151 , 49
152 , 48
154 , 49
155 , 49
156 , 50
157 , 49
159 , 49
160 , 48
161 , 49
162 , 48
163 , 48
164 , 49
165 , 49
166 , 51
167 , 50
168 , 51
169 , 52
170 , 50
171 , 51
172 , 52
173 , 51
174 , 52
175 , 50
176 , 49
177 , 49
178 , 47
179 , 48
180 , 48
181 , 49
182 , 47
183 , 48
184 , 47
185 , 48
186 , 48
187 , 47
188 , 48
189 , 48
190 , 49
191 , 50
192 , 49
193 , 50
194 , 49
195 , 48
196 , 47
197 , 46
198 , 45
199 , 43
200 , 44
201 , 43
202 , 44
203 , 42
204 , 45
205 , 45
206 , 44
207 , 42
209 , 42
210 , 43
211 , 43
212 , 42
213 , 44
214 , 45
215 , 45
216 , 44
217 , 42
218 , 43
219 , 44
220 , 42
221 , 42
222 , 42
223 , 40
224 , 40
225 , 42
226 , 43
224 , 44
223 , 44
222 , 46
221 , 46
220 , 46
218 , 47
217 , 46
212 , 46
211 , 47
210 , 47
209 , 46
208 , 45
207 , 46
206 , 48
205 , 49
204 , 50
203 , 52
200 , 54
199 , 54
195 , 54
194 , 55
190 , 54
189 , 54
188 , 52
187 , 51
186 , 52
185 , 53
183 , 53
181 , 54
179 , 53
180 , 52
178 , 51
176 , 53
177 , 54
182 , 51
184 , 51
181 , 45
179 , 44
177 , 44
176 , 43
175 , 44
174 , 41
173 , 40
171 , 39
172 , 38
173 , 36
174 , 36
175 , 37
176 , 35
177 , 36
178 , 37
179 , 37
180 , 35
179 , 33
178 , 33
177 , 32
176 , 31
174 , 32
175 , 33
172 , 34
171 , 35
170 , 36
168 , 37
167 , 36
165 , 35
164 , 34
162 , 34
161 , 34
160 , 35
159 , 37
158 , 37
157 , 36
156 , 34
154 , 37
153 , 38
152 , 37
151 , 37
150 , 38
149 , 37
148 , 38
147 , 38
146 , 39
145 , 38
143 , 38
144 , 36
142 , 35
141 , 33
139 , 35
138 , 35
135 , 36
134 , 36
133 , 39
131 , 41
130 , 42
129 , 41
127 , 41
125 , 40
124 , 41
123 , 41
122 , 43
121 , 43
120 , 44
119 , 44
118 , 43
117 , 43
115 , 41
113 , 42
114 , 43
112 , 44
110 , 42
108 , 41
111 , 39
109 , 37
107 , 37
106 , 35
105 , 33
104 , 32
103 , 31
102 , 32
100 , 31
99 , 31
97 , 32
96 , 31
95 , 30
93 , 30
92 , 30
91 , 29
90 , 28
89 , 27
87 , 26
86 , 25
88 , 25
90 , 24
91 , 25
92 , 26
93 , 25
94 , 26
95 , 25
96 , 26
97 , 26
98 , 25
99 , 26
100 , 26
101 , 25
102 , 23
103 , 22
104 , 23
105 , 24
106 , 24
107 , 24
108 , 24
109 , 26
110 , 28
111 , 27
112 , 27
113 , 28
115 , 28
114 , 26
116 , 26
117 , 26
118 , 25
119 , 26
120 , 27
121 , 27
122 , 25
123 , 25
124 , 27
125 , 27
126 , 27
127 , 27
128 , 25
129 , 24
127 , 23
126 , 23
125 , 23
124 , 22
122 , 20
121 , 21
120 , 21
119 , 21
118 , 21
117 , 21
116 , 21
114 , 21
112 , 22
111 , 23
110 , 23
109 , 21
108 , 20
107 , 20
106 , 20
105 , 20
104 , 18
102 , 19
101 , 21
100 , 22
99 , 22
98 , 21
97 , 22
96 , 22
95 , 21
94 , 22
92 , 22
93 , 20
91 , 19
92 , 16
96 , 16
97 , 17
88 , 17
89 , 22
83 , 25
82 , 25
81 , 24
79 , 27
78 , 28
77 , 28
76 , 28
75 , 29
74 , 29
72 , 29
71 , 28
70 , 27
68 , 26
66 , 25
69 , 24
73 , 27
73 , 31
71 , 32
70 , 32
68 , 31
67 , 31
66 , 31
65 , 32
64 , 29
69 , 30
69 , 34
72 , 33
74 , 33
75 , 33
76 , 32
77 , 32
78 , 32
79 , 31
80 , 29
81 , 29
82 , 29
83 , 29
84 , 27
85 , 28
86 , 29
87 , 30
88 , 29
89 , 32
90 , 32
87 , 34
85 , 33
83 , 33
82 , 33
81 , 33
80 , 33
84 , 31
73 , 35
78 , 48
77 , 49
76 , 49
73 , 51
79 , 53
67 , 61
59 , 63
55 , 64
54 , 67
57 , 72
60 , 72
61 , 74
62 , 76
63 , 79
61 , 80
60 , 82
59 , 84
58 , 84
57 , 84
56 , 85
55 , 85
54 , 84
53 , 83
52 , 82
51 , 82
50 , 81
49 , 81
48 , 80
47 , 80
46 , 81
44 , 83
43 , 84
42 , 84
40 , 86
41 , 81
38 , 79
37 , 78
35 , 77
36 , 76
34 , 74
33 , 73
31 , 72
32 , 71
33 , 69
34 , 69
35 , 70
36 , 72
37 , 71
40 , 70
32 , 67
31 , 68
30 , 69
29 , 70
28 , 71
27 , 70
26 , 72
25 , 73
24 , 73
23 , 73
22 , 73
21 , 74
20 , 74
19 , 74
18 , 74
17 , 74
16 , 73
15 , 73
13 , 74
12 , 75
11 , 74
10 , 72
8 , 74
9 , 77
10 , 79
12 , 79
13 , 78
14 , 76
15 , 77
16 , 77
17 , 78
18 , 78
19 , 78
20 , 78
21 , 78
22 , 77
23 , 80
24 , 80
22 , 81
21 , 82
20 , 82
19 , 82
18 , 82
17 , 82
16 , 81
15 , 81
14 , 81
15 , 85
14 , 87
16 , 87
17 , 86
18 , 86
19 , 86
20 , 86
21 , 86
22 , 85
23 , 84
24 , 84
25 , 82
26 , 79
28 , 79
27 , 77
30 , 77
32 , 78
31 , 81
29 , 82
30 , 84
28 , 86
27 , 85
26 , 85
25 , 86
24 , 88
23 , 88
22 , 89
20 , 90
21 , 91
19 , 92
18 , 92
17 , 90
11 , 87
10 , 86
8 , 87
12 , 85
8 , 80
14 , 71
20 , 66
21 , 66
22 , 65
23 , 64
24 , 65
29 , 74
29 , 87
30 , 89
31 , 88
33 , 88
34 , 89
35 , 90
36 , 91
37 , 93
38 , 93
39 , 93
40 , 92
41 , 92
42 , 93
43 , 92
44 , 94
45 , 95
46 , 95
47 , 94
48 , 95
49 , 96
50 , 96
51 , 95
52 , 96
53 , 96
54 , 97
55 , 96
56 , 95
58 , 97
57 , 98
56 , 99
55 , 100
53 , 100
52 , 100
51 , 99
50 , 100
49 , 100
48 , 99
47 , 98
46 , 99
45 , 99
44 , 98
42 , 97
41 , 96
40 , 96
39 , 97
38 , 97
37 , 97
35 , 98
34 , 97
33 , 96
32 , 95
30 , 93
31 , 92
32 , 91
33 , 92
34 , 93
35 , 94
36 , 95
36 , 99
39 , 102
40 , 101
41 , 103
42 , 102
43 , 100
43 , 96
45 , 91
46 , 90
48 , 90
49 , 88
47 , 87
50 , 86
52 , 87
53 , 87
51 , 89
54 , 90
55 , 89
56 , 89
57 , 88
58 , 88
59 , 88
60 , 86
61 , 86
62 , 86
63 , 85
63 , 89
64 , 89
65 , 89
66 , 91
67 , 92
65 , 93
64 , 93
63 , 93
62 , 94
61 , 94
60 , 94
59 , 92
58 , 92
57 , 92
60 , 90
61 , 90
62 , 90
68 , 89
69 , 90
71 , 89
70 , 95
69 , 95
67 , 96
66 , 95
65 , 97
64 , 97
63 , 97
62 , 98
61 , 98
60 , 98
59 , 96
59 , 100
58 , 102
60 , 103
63 , 101
64 , 101
65 , 101
66 , 99
67 , 100
68 , 99
69 , 99
70 , 99
71 , 97
72 , 96
73 , 96
74 , 97
75 , 99
76 , 98
77 , 97
78 , 98
79 , 96
80 , 97
81 , 96
82 , 94
83 , 93
84 , 94
85 , 95
86 , 94
88 , 94
89 , 93
90 , 94
91 , 94
92 , 96
93 , 96
94 , 96
95 , 94
96 , 93
97 , 94
98 , 95
99 , 93
100 , 94
102 , 94
103 , 93
104 , 93
105 , 91
106 , 92
107 , 92
108 , 93
109 , 92
111 , 92
113 , 92
114 , 91
115 , 91
116 , 91
117 , 91
118 , 89
119 , 89
120 , 91
121 , 92
122 , 91
123 , 91
124 , 91
125 , 92
126 , 90
127 , 91
128 , 90
129 , 89
130 , 89
132 , 89
133 , 90
134 , 89
135 , 88
136 , 86
137 , 87
138 , 88
139 , 88
140 , 89
142 , 89
143 , 90
144 , 91
145 , 91
146 , 92
148 , 92
149 , 91
147 , 90
146 , 88
145 , 87
144 , 87
143 , 85
142 , 83
140 , 83
141 , 80
144 , 80
148 , 82
149 , 80
150 , 84
151 , 84
152 , 85
153 , 84
154 , 83
155 , 85
156 , 86
157 , 85
158 , 85
159 , 84
160 , 84
161 , 86
162 , 85
163 , 85
164 , 86
165 , 86
166 , 85
168 , 85
169 , 86
170 , 85
171 , 84
173 , 84
174 , 85
175 , 84
177 , 84
178 , 84
179 , 85
180 , 85
181 , 85
182 , 84
183 , 86
185 , 86
186 , 87
184 , 88
182 , 88
181 , 89
180 , 89
179 , 89
178 , 88
177 , 88
176 , 87
175 , 88
174 , 89
173 , 88
171 , 88
170 , 89
169 , 90
168 , 89
166 , 89
165 , 90
164 , 90
163 , 89
162 , 89
161 , 90
160 , 88
159 , 88
158 , 89
157 , 89
156 , 90
155 , 89
154 , 88
153 , 88
152 , 89
151 , 88
150 , 88
149 , 87
148 , 88
147 , 86
141 , 87
141 , 91
139 , 92
138 , 92
137 , 91
136 , 91
135 , 92
134 , 93
133 , 94
132 , 93
130 , 93
129 , 93
128 , 94
127 , 95
126 , 94
124 , 95
123 , 95
122 , 95
121 , 96
120 , 95
119 , 94
118 , 94
117 , 95
116 , 95
115 , 95
114 , 95
113 , 96
112 , 95
111 , 96
110 , 95
109 , 96
108 , 97
107 , 96
106 , 96
105 , 95
104 , 97
103 , 97
102 , 98
100 , 98
99 , 97
97 , 98
96 , 97
95 , 98
94 , 100
93 , 100
92 , 100
91 , 98
90 , 98
89 , 97
88 , 98
86 , 98
85 , 99
84 , 98
83 , 97
82 , 98
81 , 100
80 , 101
79 , 100
77 , 101
75 , 104
74 , 105
72 , 104
71 , 105
70 , 103
69 , 103
68 , 103
67 , 104
66 , 103
65 , 105
64 , 105
66 , 107
67 , 108
68 , 107
69 , 107
70 , 107
71 , 109
72 , 108
73 , 107
74 , 109
73 , 111
72 , 112
71 , 113
70 , 111
69 , 111
68 , 111
67 , 112
66 , 111
64 , 110
65 , 109
65 , 115
66 , 115
68 , 115
69 , 115
70 , 115
71 , 117
72 , 116
73 , 115
74 , 113
75 , 112
76 , 113
77 , 113
78 , 115
79 , 114
76 , 117
75 , 116
74 , 117
73 , 119
72 , 120
71 , 121
70 , 119
69 , 119
68 , 119
67 , 117
64 , 120
65 , 123
67 , 124
68 , 127
69 , 127
70 , 125
71 , 125
72 , 124
73 , 123
74 , 121
75 , 120
76 , 121
77 , 122
78 , 123
79 , 124
80 , 122
81 , 122
82 , 120
83 , 121
86 , 120
85 , 124
84 , 126
83 , 127
81 , 126
80 , 126
78 , 127
77 , 126
76 , 125
75 , 124
74 , 125
73 , 127
74 , 129
75 , 128
76 , 129
77 , 130
78 , 131
79 , 132
80 , 130
81 , 130
82 , 129
83 , 131
85 , 131
84 , 133
82 , 133
81 , 134
80 , 134
78 , 135
77 , 134
76 , 133
75 , 132
73 , 131
72 , 130
75 , 136
74 , 137
73 , 137
72 , 140
75 , 142
77 , 144
78 , 144
79 , 144
80 , 142
81 , 142
82 , 141
84 , 141
83 , 139
85 , 139
86 , 138
87 , 138
84 , 137
82 , 137
81 , 138
80 , 138
78 , 139
77 , 138
76 , 139
79 , 140
79 , 136
83 , 135
85 , 135
90 , 139
91 , 141
92 , 141
93 , 142
90 , 144
89 , 143
87 , 142
86 , 142
85 , 143
83 , 143
82 , 145
81 , 146
80 , 146
79 , 148
78 , 148
82 , 149
84 , 149
83 , 147
85 , 147
86 , 146
87 , 146
88 , 145
89 , 147
90 , 148
91 , 147
92 , 148
93 , 148
94 , 148
95 , 146
91 , 151
90 , 152
89 , 151
87 , 150
86 , 150
85 , 151
84 , 153
86 , 154
87 , 154
88 , 153
89 , 155
90 , 156
91 , 155
92 , 156
93 , 157
94 , 157
95 , 155
96 , 154
94 , 153
93 , 153
92 , 152
88 , 149
84 , 145
88 , 141
95 , 137
86 , 127
87 , 126
79 , 128
79 , 120
78 , 119
77 , 118
78 , 108
76 , 107
77 , 106
79 , 106
84 , 102
87 , 100
89 , 102
87 , 96
87 , 89
92 , 91
93 , 91
94 , 90
97 , 88
98 , 88
100 , 88
101 , 90
104 , 88
110 , 89
112 , 90
112 , 100
114 , 100
115 , 100
116 , 102
117 , 103
118 , 101
119 , 99
121 , 101
122 , 100
123 , 103
125 , 102
126 , 99
131 , 95
131 , 91
125 , 88
137 , 95
140 , 95
142 , 93
143 , 95
147 , 94
150 , 93
153 , 92
154 , 92
155 , 93
158 , 93
167 , 93
172 , 90
172 , 86
167 , 87
176 , 92
177 , 93
178 , 92
180 , 93
181 , 95
182 , 94
184 , 92
183 , 90
185 , 90
186 , 91
187 , 89
188 , 89
189 , 90
190 , 90
191 , 89
192 , 88
193 , 88
196 , 89
197 , 90
198 , 90
201 , 90
202 , 90
205 , 90
206 , 88
204 , 94
203 , 94
201 , 95
200 , 95
199 , 94
198 , 95
197 , 94
196 , 94
195 , 92
194 , 92
193 , 92
192 , 92
191 , 93
190 , 94
189 , 94
188 , 93
187 , 93
192 , 96
193 , 96
194 , 96
195 , 96
196 , 98
197 , 98
198 , 99
199 , 98
200 , 99
201 , 99
202 , 100
203 , 98
204 , 98
205 , 97
206 , 96
207 , 95
208 , 99
206 , 100
205 , 101
204 , 102
203 , 102
201 , 103
200 , 103
202 , 104
203 , 106
204 , 106
205 , 105
206 , 104
207 , 105
209 , 105
210 , 106
211 , 107
212 , 108
213 , 108
214 , 106
215 , 105
216 , 104
213 , 104
212 , 104
211 , 103
210 , 102
209 , 101
207 , 101
208 , 103
208 , 107
206 , 108
205 , 109
207 , 109
209 , 109
210 , 110
211 , 111
212 , 112
213 , 112
214 , 110
215 , 109
216 , 110
217 , 111
218 , 111
219 , 113
220 , 112
221 , 110
222 , 113
223 , 114
224 , 113
226 , 115
229 , 115
227 , 118
229 , 119
230 , 120
231 , 121
228 , 121
226 , 122
225 , 120
224 , 120
223 , 120
222 , 121
221 , 120
220 , 120
219 , 121
218 , 119
217 , 119
216 , 118
215 , 117
214 , 118
213 , 116
212 , 116
211 , 115
210 , 114
209 , 113
208 , 111
214 , 114
215 , 113
216 , 114
217 , 115
218 , 115
219 , 117
220 , 116
221 , 116
222 , 117
221 , 124
220 , 124
219 , 125
218 , 123
217 , 123
216 , 122
215 , 121
214 , 122
213 , 121
212 , 122
210 , 121
209 , 121
208 , 119
211 , 126
208 , 127
216 , 126
217 , 127
218 , 127
219 , 129
220 , 128
221 , 128
222 , 129
223 , 128
224 , 128
225 , 128
226 , 126
227 , 125
228 , 126
229 , 126
227 , 129
226 , 130
228 , 130
230 , 131
231 , 130
229 , 133
228 , 134
227 , 133
226 , 134
225 , 132
224 , 132
223 , 132
222 , 133
221 , 132
220 , 134
217 , 133
216 , 134
218 , 131
219 , 137
218 , 139
217 , 142
220 , 143
221 , 140
223 , 140
224 , 140
225 , 140
226 , 138
227 , 137
228 , 138
229 , 137
230 , 135
231 , 134
232 , 136
231 , 138
230 , 139
229 , 141
228 , 142
227 , 141
226 , 142
225 , 144
226 , 146
227 , 145
228 , 146
229 , 145
230 , 143
231 , 142
232 , 140
233 , 139
234 , 141
235 , 142
237 , 142
238 , 144
240 , 143
241 , 141
242 , 141
239 , 140
238 , 137
235 , 136
241 , 135
243 , 138
244 , 137
245 , 135
246 , 135
247 , 135
248 , 134
249 , 133
250 , 134
252 , 134
253 , 133
254 , 133
255 , 131
254 , 129
253 , 129
252 , 130
250 , 130
249 , 129
248 , 130
247 , 131
246 , 131
245 , 131
241 , 131
241 , 127
242 , 126
240 , 124
241 , 120
240 , 118
242 , 118
242 , 114
240 , 114
240 , 110
242 , 110
242 , 106
240 , 106
240 , 102
242 , 102
242 , 98
240 , 98
240 , 94
242 , 94
242 , 90
240 , 90
240 , 86
242 , 86
242 , 82
240 , 82
240 , 78
242 , 78
242 , 74
240 , 74
240 , 70
242 , 68
244 , 67
245 , 65
246 , 65
247 , 63
248 , 62
249 , 61
250 , 62
252 , 62
253 , 61
254 , 61
255 , 63
254 , 65
253 , 65
252 , 66
250 , 66
249 , 65
248 , 66
247 , 67
246 , 69
245 , 69
243 , 71
247 , 71
248 , 70
249 , 69
250 , 70
252 , 70
253 , 69
254 , 69
255 , 67
258 , 67
260 , 67
262 , 68
261 , 70
257 , 70
256 , 70
255 , 71
254 , 73
253 , 73
252 , 74
250 , 74
249 , 73
248 , 74
247 , 75
249 , 77
248 , 78
247 , 79
249 , 81
248 , 82
247 , 83
249 , 85
248 , 86
247 , 87
249 , 89
248 , 90
247 , 91
249 , 93
248 , 94
247 , 95
249 , 97
248 , 98
247 , 99
249 , 101
248 , 102
247 , 103
249 , 105
248 , 106
247 , 107
249 , 109
248 , 110
247 , 111
249 , 113
248 , 114
247 , 115
249 , 117
248 , 118
247 , 119
249 , 121
248 , 122
247 , 123
246 , 123
244 , 123
245 , 127
246 , 127
247 , 127
248 , 126
249 , 125
250 , 126
252 , 126
253 , 125
254 , 125
255 , 123
254 , 121
253 , 121
252 , 122
250 , 122
251 , 120
250 , 118
252 , 118
253 , 117
254 , 117
255 , 115
256 , 114
257 , 114
258 , 113
259 , 115
258 , 117
257 , 118
256 , 118
255 , 119
251 , 116
250 , 114
252 , 114
253 , 113
254 , 113
255 , 111
256 , 110
257 , 110
258 , 109
259 , 109
261 , 107
263 , 106
261 , 103
263 , 102
261 , 99
263 , 98
261 , 95
263 , 94
261 , 91
263 , 90
261 , 87
263 , 86
261 , 83
263 , 82
261 , 79
260 , 78
258 , 77
257 , 78
256 , 78
255 , 79
254 , 77
253 , 77
252 , 78
250 , 78
251 , 76
251 , 72
251 , 68
251 , 64
251 , 60
250 , 58
249 , 57
248 , 58
247 , 59
246 , 57
245 , 57
244 , 56
243 , 56
241 , 55
240 , 57
242 , 58
243 , 60
244 , 60
245 , 61
246 , 61
247 , 55
248 , 54
249 , 53
250 , 54
252 , 54
251 , 52
252 , 50
254 , 49
255 , 46
256 , 45
257 , 46
259 , 47
261 , 45
262 , 44
264 , 45
265 , 44
267 , 44
266 , 42
268 , 42
269 , 43
270 , 42
271 , 43
272 , 43
273 , 42
272 , 39
271 , 39
270 , 38
269 , 39
268 , 38
266 , 38
265 , 36
264 , 36
263 , 37
262 , 37
261 , 37
259 , 37
257 , 36
256 , 35
255 , 36
254 , 36
253 , 35
252 , 36
251 , 35
250 , 36
249 , 35
248 , 35
247 , 36
245 , 36
243 , 35
241 , 34
239 , 32
237 , 34
235 , 34
234 , 34
233 , 32
231 , 30
229 , 32
228 , 32
227 , 33
226 , 34
225 , 33
224 , 31
223 , 31
222 , 32
221 , 33
220 , 32
219 , 30
218 , 30
217 , 29
216 , 29
215 , 30
214 , 29
213 , 28
212 , 26
211 , 26
210 , 27
209 , 25
208 , 25
207 , 24
206 , 23
204 , 23
203 , 23
201 , 22
202 , 21
205 , 20
207 , 18
208 , 19
209 , 21
210 , 23
211 , 22
212 , 22
213 , 24
214 , 23
215 , 21
216 , 20
217 , 20
219 , 20
220 , 20
222 , 20
224 , 20
225 , 19
227 , 19
226 , 21
229 , 22
230 , 23
231 , 21
228 , 17
226 , 16
225 , 15
224 , 16
222 , 16
220 , 16
219 , 16
217 , 16
216 , 16
215 , 17
213 , 17
212 , 18
210 , 17
211 , 16
209 , 15
208 , 14
207 , 13
205 , 14
206 , 15
204 , 16
203 , 15
202 , 15
201 , 15
200 , 16
199 , 14
198 , 13
196 , 13
195 , 14
194 , 13
193 , 13
191 , 12
190 , 13
189 , 14
188 , 15
187 , 15
185 , 14
184 , 15
183 , 14
182 , 13
181 , 12
180 , 11
179 , 11
178 , 12
177 , 12
176 , 10
175 , 9
174 , 11
173 , 12
172 , 13
171 , 13
170 , 13
169 , 14
168 , 13
167 , 12
166 , 13
165 , 12
163 , 13
162 , 12
161 , 12
160 , 13
159 , 13
158 , 12
157 , 13
156 , 14
155 , 13
154 , 12
153 , 13
152 , 14
151 , 16
150 , 16
149 , 16
148 , 15
147 , 13
146 , 13
145 , 14
144 , 14
143 , 13
141 , 15
140 , 15
139 , 16
138 , 17
137 , 18
136 , 18
135 , 19
133 , 18
134 , 17
132 , 16
131 , 16
130 , 16
128 , 17
127 , 18
126 , 18
125 , 18
124 , 18
123 , 18
121 , 17
120 , 17
119 , 17
118 , 17
117 , 17
116 , 17
114 , 16
112 , 17
111 , 19
110 , 19
113 , 19
115 , 19
115 , 23
113 , 23
114 , 30
116 , 30
117 , 30
118 , 29
119 , 30
120 , 31
122 , 29
123 , 29
126 , 31
128 , 29
129 , 28
130 , 27
131 , 27
132 , 28
134 , 28
135 , 28
136 , 28
137 , 27
138 , 27
139 , 26
140 , 26
141 , 25
142 , 26
143 , 24
144 , 24
146 , 24
145 , 26
147 , 26
148 , 27
149 , 27
150 , 25
151 , 26
152 , 24
153 , 24
154 , 23
155 , 24
156 , 25
157 , 24
159 , 25
160 , 25
161 , 26
162 , 26
163 , 24
164 , 25
165 , 23
166 , 23
167 , 21
169 , 22
168 , 24
170 , 25
169 , 27
168 , 28
167 , 27
166 , 27
165 , 27
163 , 28
158 , 27
157 , 28
155 , 28
154 , 27
153 , 28
152 , 28
150 , 33
147 , 33
146 , 28
144 , 28
143 , 28
147 , 22
149 , 20
150 , 20
151 , 20
152 , 18
153 , 17
154 , 16
155 , 17
156 , 18
157 , 17
158 , 16
159 , 17
160 , 17
161 , 16
162 , 16
163 , 17
164 , 15
165 , 16
166 , 17
167 , 16
168 , 17
170 , 19
171 , 19
172 , 21
173 , 24
174 , 25
175 , 25
176 , 26
177 , 24
178 , 24
179 , 23
180 , 23
181 , 24
182 , 26
183 , 26
184 , 27
185 , 27
187 , 27
186 , 25
188 , 25
189 , 26
190 , 24
191 , 24
193 , 25
194 , 25
195 , 27
196 , 26
198 , 26
199 , 26
200 , 25
201 , 27
202 , 28
203 , 27
204 , 27
205 , 26
206 , 27
207 , 28
208 , 29
209 , 29
210 , 31
211 , 30
212 , 30
213 , 32
214 , 33
215 , 34
216 , 33
217 , 33
218 , 34
219 , 34
220 , 36
222 , 36
223 , 35
224 , 35
225 , 37
226 , 38
227 , 37
228 , 36
229 , 36
230 , 34
231 , 35
232 , 37
233 , 36
234 , 39
233 , 40
232 , 41
230 , 42
231 , 43
229 , 44
228 , 44
227 , 45
225 , 46
227 , 41
228 , 40
229 , 40
230 , 38
231 , 39
235 , 40
236 , 39
237 , 39
239 , 39
240 , 38
241 , 39
242 , 37
243 , 40
244 , 40
245 , 40
247 , 40
248 , 39
249 , 39
250 , 40
251 , 39
252 , 40
253 , 39
255 , 40
256 , 39
258 , 39
260 , 39
263 , 41
264 , 40
265 , 40
267 , 40
267 , 36
266 , 34
268 , 34
269 , 35
270 , 34
271 , 35
272 , 32
273 , 32
274 , 32
275 , 31
276 , 30
277 , 31
278 , 31
279 , 32
280 , 30
279 , 28
278 , 27
277 , 27
276 , 26
275 , 27
274 , 28
273 , 28
272 , 28
271 , 27
269 , 26
268 , 26
266 , 26
265 , 24
264 , 24
263 , 25
262 , 25
261 , 25
260 , 26
259 , 27
258 , 28
256 , 26
259 , 23
260 , 22
261 , 21
262 , 21
263 , 21
264 , 20
265 , 20
266 , 18
267 , 18
268 , 17
270 , 17
271 , 18
272 , 18
273 , 18
274 , 19
275 , 18
276 , 16
277 , 15
278 , 15
279 , 16
281 , 16
282 , 16
280 , 14
279 , 12
276 , 10
274 , 11
273 , 14
272 , 14
271 , 14
270 , 13
268 , 13
267 , 14
266 , 14
265 , 12
264 , 12
263 , 13
262 , 13
261 , 13
260 , 14
259 , 15
258 , 15
257 , 12
260 , 9
263 , 8
267 , 8
269 , 11
271 , 9
272 , 8
275 , 8
277 , 8
275 , 14
274 , 15
269 , 15
269 , 19
266 , 22
267 , 23
270 , 24
273 , 23
274 , 24
275 , 23
277 , 23
278 , 23
279 , 24
281 , 24
282 , 24
283 , 23
284 , 24
285 , 26
283 , 27
282 , 28
281 , 28
280 , 26
280 , 22
279 , 20
278 , 19
277 , 19
276 , 20
280 , 18
281 , 20
282 , 20
283 , 19
284 , 20
285 , 19
287 , 21
284 , 28
287 , 31
286 , 32
285 , 34
281 , 33
280 , 37
278 , 38
279 , 40
278 , 42
277 , 42
275 , 45
274 , 45
273 , 46
272 , 47
271 , 47
270 , 46
269 , 47
268 , 46
266 , 46
265 , 48
267 , 48
266 , 50
268 , 50
269 , 51
270 , 50
271 , 51
272 , 51
273 , 50
274 , 49
275 , 49
276 , 51
277 , 51
278 , 51
279 , 48
276 , 46
275 , 53
274 , 53
273 , 54
272 , 55
271 , 55
270 , 54
269 , 55
268 , 54
267 , 56
265 , 55
264 , 57
266 , 58
268 , 61
266 , 63
263 , 65
263 , 74
259 , 74
258 , 73
257 , 74
256 , 74
255 , 75
254 , 81
253 , 81
252 , 82
250 , 82
251 , 80
251 , 84
250 , 86
252 , 86
253 , 85
254 , 85
255 , 83
256 , 82
257 , 82
258 , 81
259 , 81
259 , 85
258 , 85
257 , 86
256 , 86
255 , 87
254 , 89
253 , 89
252 , 90
250 , 90
251 , 88
251 , 92
250 , 94
252 , 94
253 , 93
254 , 93
255 , 91
256 , 90
257 , 90
258 , 89
259 , 89
259 , 93
258 , 93
257 , 94
256 , 94
255 , 95
254 , 97
253 , 97
252 , 98
250 , 98
251 , 96
251 , 100
250 , 102
252 , 102
253 , 101
254 , 101
255 , 99
256 , 98
257 , 98
258 , 97
259 , 97
259 , 101
258 , 101
257 , 102
256 , 102
255 , 103
254 , 105
253 , 105
252 , 106
250 , 106
251 , 104
251 , 108
250 , 110
252 , 110
253 , 109
254 , 109
255 , 107
256 , 106
257 , 106
258 , 105
259 , 105
261 , 111
263 , 110
262 , 117
263 , 118
255 , 127
251 , 128
251 , 124
251 , 132
251 , 136
249 , 137
248 , 138
247 , 139
246 , 139
245 , 139
245 , 143
246 , 143
247 , 143
248 , 142
249 , 141
250 , 142
252 , 142
253 , 141
255 , 141
251 , 140
250 , 138
252 , 138
253 , 137
254 , 137
255 , 135
251 , 144
249 , 145
248 , 146
247 , 147
246 , 147
245 , 147
244 , 148
243 , 149
245 , 151
246 , 151
247 , 151
248 , 150
249 , 149
250 , 150
252 , 150
253 , 149
251 , 148
250 , 146
252 , 146
253 , 145
251 , 152
249 , 153
248 , 154
247 , 155
246 , 155
245 , 155
244 , 156
243 , 157
245 , 159
246 , 159
247 , 159
248 , 158
249 , 157
250 , 158
251 , 156
250 , 154
253 , 153
254 , 153
255 , 155
253 , 157
251 , 160
252 , 161
250 , 162
249 , 161
248 , 162
247 , 163
246 , 163
245 , 163
244 , 164
243 , 165
242 , 164
241 , 164
239 , 167
238 , 168
236 , 167
235 , 166
234 , 165
232 , 164
233 , 163
231 , 162
230 , 163
228 , 162
227 , 161
229 , 161
230 , 159
231 , 158
229 , 157
228 , 158
227 , 157
228 , 154
227 , 153
229 , 153
230 , 151
231 , 150
229 , 149
228 , 150
227 , 149
225 , 150
224 , 150
230 , 147
231 , 146
232 , 144
233 , 143
234 , 145
235 , 146
233 , 147
232 , 148
234 , 149
235 , 150
233 , 151
232 , 152
231 , 154
230 , 155
232 , 156
233 , 155
234 , 153
235 , 154
236 , 153
238 , 153
237 , 155
236 , 157
235 , 158
234 , 157
233 , 159
232 , 160
234 , 161
235 , 162
236 , 161
238 , 161
237 , 159
237 , 163
233 , 167
232 , 168
230 , 167
231 , 166
229 , 165
228 , 166
227 , 165
227 , 169
228 , 170
229 , 169
230 , 171
231 , 170
232 , 172
233 , 171
234 , 169
235 , 170
237 , 171
239 , 172
240 , 172
241 , 173
242 , 174
243 , 173
244 , 172
245 , 171
246 , 171
247 , 171
248 , 170
249 , 169
251 , 169
252 , 170
253 , 170
254 , 168
255 , 167
253 , 166
252 , 166
250 , 167
248 , 166
247 , 167
246 , 167
245 , 167
244 , 168
243 , 169
242 , 170
241 , 169
238 , 174
237 , 175
236 , 174
235 , 174
234 , 173
233 , 175
232 , 176
230 , 175
231 , 174
229 , 173
228 , 174
227 , 173
226 , 172
225 , 173
223 , 174
222 , 176
221 , 176
220 , 175
219 , 176
217 , 175
216 , 176
215 , 175
214 , 176
213 , 176
212 , 177
211 , 176
209 , 176
208 , 177
207 , 178
206 , 178
205 , 179
204 , 177
203 , 177
202 , 178
201 , 178
200 , 177
199 , 178
198 , 178
196 , 178
194 , 179
193 , 179
192 , 180
190 , 180
189 , 180
188 , 179
187 , 180
186 , 182
185 , 182
184 , 182
183 , 183
182 , 182
181 , 182
180 , 181
178 , 180
176 , 181
177 , 182
175 , 183
174 , 184
173 , 183
171 , 183
170 , 184
169 , 185
168 , 184
166 , 184
165 , 185
164 , 185
163 , 184
162 , 184
161 , 185
160 , 183
159 , 183
158 , 184
157 , 184
156 , 183
155 , 181
154 , 181
153 , 181
152 , 183
151 , 183
149 , 182
150 , 181
148 , 180
146 , 178
145 , 178
144 , 180
143 , 181
142 , 180
140 , 181
141 , 182
139 , 183
138 , 183
137 , 184
136 , 182
135 , 182
134 , 181
133 , 180
132 , 179
131 , 180
130 , 178
129 , 178
128 , 178
127 , 178
126 , 178
125 , 179
124 , 179
123 , 178
122 , 178
121 , 179
120 , 180
119 , 177
118 , 177
117 , 178
116 , 176
115 , 176
114 , 176
113 , 177
111 , 177
110 , 178
109 , 179
108 , 179
107 , 176
106 , 176
105 , 174
104 , 173
102 , 173
103 , 171
102 , 169
101 , 169
100 , 170
98 , 172
99 , 173
96 , 175
97 , 170
95 , 167
96 , 166
97 , 166
98 , 166
99 , 167
100 , 166
101 , 165
102 , 165
104 , 165
105 , 166
103 , 167
104 , 169
105 , 170
106 , 168
107 , 168
108 , 170
109 , 170
110 , 170
111 , 169
112 , 171
111 , 173
110 , 174
109 , 174
108 , 174
107 , 172
106 , 172
103 , 175
104 , 179
105 , 182
106 , 182
112 , 181
114 , 183
116 , 182
115 , 180
118 , 183
122 , 183
123 , 182
125 , 183
126 , 182
127 , 182
128 , 182
129 , 182
130 , 182
132 , 183
131 , 186
133 , 188
134 , 188
135 , 189
137 , 191
138 , 191
136 , 192
135 , 194
134 , 194
133 , 193
132 , 194
131 , 192
130 , 192
128 , 192
129 , 190
132 , 190
136 , 186
139 , 187
140 , 185
142 , 184
143 , 185
144 , 184
145 , 182
146 , 182
147 , 183
148 , 184
150 , 185
149 , 187
151 , 188
152 , 189
153 , 190
154 , 191
155 , 190
156 , 190
157 , 190
158 , 189
159 , 189
160 , 188
162 , 188
163 , 189
164 , 190
165 , 190
167 , 190
166 , 188
168 , 188
169 , 189
170 , 188
171 , 187
173 , 187
174 , 188
175 , 187
176 , 185
177 , 186
178 , 184
179 , 183
180 , 185
181 , 186
182 , 186
183 , 187
184 , 186
185 , 186
186 , 186
187 , 184
188 , 183
189 , 184
190 , 184
192 , 184
193 , 183
194 , 183
195 , 181
196 , 182
197 , 181
198 , 182
199 , 182
200 , 181
201 , 182
202 , 182
203 , 181
204 , 181
205 , 183
206 , 182
207 , 183
208 , 181
209 , 180
210 , 180
211 , 180
212 , 181
213 , 180
214 , 180
215 , 179
216 , 180
217 , 179
218 , 178
219 , 180
220 , 179
221 , 180
222 , 180
223 , 178
224 , 177
225 , 177
226 , 176
227 , 177
228 , 178
229 , 177
230 , 179
231 , 178
234 , 178
236 , 180
238 , 180
239 , 181
240 , 181
241 , 181
242 , 182
243 , 181
244 , 180
245 , 179
246 , 179
247 , 177
248 , 178
249 , 179
250 , 180
248 , 182
247 , 181
246 , 183
245 , 183
244 , 184
243 , 185
242 , 186
241 , 185
240 , 185
239 , 185
238 , 184
236 , 186
234 , 185
232 , 185
231 , 187
230 , 188
228 , 188
227 , 188
226 , 189
225 , 190
224 , 189
223 , 190
222 , 188
221 , 188
220 , 187
219 , 188
218 , 186
217 , 186
216 , 186
214 , 185
213 , 185
211 , 185
210 , 186
209 , 186
208 , 186
207 , 187
206 , 187
205 , 187
204 , 186
203 , 186
202 , 186
201 , 187
200 , 186
199 , 186
198 , 186
197 , 185
196 , 186
195 , 185
194 , 187
193 , 187
192 , 188
190 , 188
189 , 188
188 , 188
187 , 189
186 , 190
185 , 190
184 , 190
183 , 191
182 , 190
181 , 190
180 , 189
178 , 188
179 , 187
176 , 189
177 , 190
175 , 191
173 , 191
171 , 191
172 , 189
172 , 185
172 , 181
170 , 180
169 , 181
168 , 180
166 , 180
165 , 181
164 , 181
163 , 180
162 , 180
161 , 181
158 , 180
157 , 180
156 , 178
159 , 178
160 , 178
152 , 178
151 , 176
149 , 177
141 , 178
139 , 179
138 , 179
137 , 180
136 , 178
135 , 178
126 , 173
125 , 175
124 , 175
123 , 174
122 , 173
121 , 175
120 , 176
119 , 173
118 , 173
117 , 174
116 , 172
115 , 172
114 , 172
113 , 173
112 , 175
113 , 168
109 , 166
108 , 165
107 , 163
106 , 161
105 , 161
103 , 163
102 , 161
101 , 161
100 , 162
99 , 163
98 , 162
97 , 162
96 , 162
95 , 163
94 , 161
93 , 161
92 , 160
91 , 159
90 , 160
89 , 159
87 , 158
88 , 157
85 , 157
83 , 156
82 , 156
80 , 158
84 , 159
88 , 161
91 , 163
92 , 165
93 , 165
94 , 165
89 , 165
95 , 159
96 , 158
97 , 158
98 , 158
99 , 159
100 , 157
99 , 155
101 , 153
103 , 158
110 , 164
111 , 163
120 , 168
124 , 170
127 , 168
124 , 192
126 , 194
125 , 195
124 , 196
123 , 195
122 , 195
121 , 194
120 , 193
119 , 193
117 , 193
115 , 195
114 , 196
116 , 196
117 , 197
118 , 196
119 , 197
120 , 197
121 , 198
122 , 199
123 , 199
124 , 200
125 , 199
126 , 198
127 , 199
128 , 200
129 , 199
130 , 200
131 , 200
132 , 198
133 , 197
134 , 198
135 , 198
136 , 196
137 , 195
138 , 195
139 , 193
140 , 192
141 , 193
142 , 194
143 , 192
144 , 191
145 , 191
146 , 191
148 , 191
149 , 192
150 , 191
151 , 193
152 , 193
153 , 194
154 , 195
155 , 194
156 , 194
157 , 194
158 , 193
159 , 193
160 , 192
161 , 191
162 , 192
163 , 194
164 , 195
165 , 197
166 , 197
167 , 196
168 , 198
167 , 200
166 , 201
165 , 201
164 , 200
163 , 199
162 , 198
161 , 199
160 , 198
159 , 197
158 , 197
157 , 198
156 , 198
155 , 198
154 , 199
153 , 198
152 , 197
151 , 197
149 , 196
148 , 196
146 , 195
145 , 196
144 , 196
143 , 198
142 , 199
140 , 200
138 , 199
137 , 199
136 , 200
135 , 202
134 , 205
133 , 205
132 , 206
130 , 205
127 , 206
126 , 206
120 , 205
121 , 202
115 , 199
113 , 198
112 , 199
111 , 198
110 , 198
109 , 198
108 , 199
107 , 198
106 , 196
105 , 196
104 , 196
103 , 196
102 , 195
100 , 194
99 , 195
98 , 195
97 , 194
96 , 196
95 , 196
93 , 195
92 , 194
90 , 194
89 , 194
88 , 193
87 , 192
85 , 193
86 , 194
84 , 195
83 , 195
82 , 196
81 , 197
80 , 196
79 , 195
77 , 195
76 , 195
75 , 194
74 , 194
73 , 194
71 , 193
70 , 192
69 , 192
68 , 192
67 , 191
66 , 190
65 , 191
63 , 192
62 , 192
61 , 192
60 , 193
59 , 194
57 , 195
56 , 194
54 , 194
53 , 193
52 , 192
51 , 191
49 , 191
48 , 190
46 , 189
47 , 188
45 , 187
43 , 186
42 , 186
41 , 187
39 , 186
38 , 185
37 , 184
36 , 183
35 , 184
34 , 184
33 , 185
32 , 185
30 , 184
31 , 183
29 , 182
27 , 181
26 , 180
25 , 180
24 , 181
23 , 177
22 , 176
21 , 177
20 , 176
19 , 177
17 , 175
18 , 173
19 , 173
20 , 172
21 , 173
22 , 172
23 , 173
24 , 172
25 , 172
26 , 172
27 , 173
28 , 172
29 , 174
30 , 174
31 , 175
32 , 174
33 , 173
34 , 174
35 , 174
36 , 174
37 , 174
38 , 175
40 , 175
41 , 174
39 , 173
38 , 171
37 , 170
36 , 170
35 , 170
34 , 170
33 , 169
32 , 170
31 , 169
30 , 169
29 , 168
28 , 168
27 , 168
26 , 167
25 , 168
24 , 168
23 , 169
22 , 168
21 , 169
20 , 168
19 , 169
18 , 169
17 , 170
16 , 170
15 , 170
14 , 171
12 , 169
13 , 166
15 , 166
16 , 166
17 , 166
18 , 165
19 , 165
20 , 164
21 , 165
22 , 164
23 , 165
24 , 164
25 , 164
26 , 163
27 , 164
28 , 164
29 , 164
30 , 165
31 , 165
32 , 166
33 , 165
34 , 165
35 , 163
36 , 163
37 , 165
38 , 164
39 , 169
40 , 171
42 , 171
43 , 173
44 , 175
45 , 176
46 , 176
47 , 178
48 , 178
49 , 178
51 , 178
52 , 179
53 , 179
54 , 180
55 , 180
56 , 181
57 , 182
58 , 183
59 , 182
60 , 184
61 , 183
62 , 184
63 , 183
64 , 185
63 , 187
62 , 188
61 , 187
60 , 188
58 , 187
57 , 186
56 , 185
55 , 184
54 , 184
53 , 183
52 , 183
51 , 182
49 , 182
48 , 182
47 , 182
46 , 180
45 , 180
44 , 179
42 , 180
43 , 181
41 , 183
39 , 182
38 , 181
37 , 179
36 , 179
35 , 180
34 , 180
33 , 181
32 , 181
30 , 180
31 , 179
29 , 178
27 , 177
26 , 176
25 , 176
24 , 176
28 , 176
28 , 180
28 , 184
26 , 186
25 , 190
24 , 191
27 , 190
30 , 191
31 , 189
34 , 188
35 , 189
36 , 187
37 , 188
38 , 189
39 , 190
40 , 189
41 , 191
42 , 190
43 , 190
44 , 189
45 , 191
46 , 193
47 , 192
48 , 194
49 , 196
51 , 196
52 , 198
53 , 198
55 , 196
58 , 196
60 , 198
59 , 199
56 , 199
61 , 196
62 , 196
63 , 196
64 , 197
65 , 195
66 , 194
67 , 195
68 , 196
69 , 196
70 , 196
71 , 197
72 , 196
73 , 199
74 , 199
75 , 198
76 , 199
77 , 199
79 , 199
78 , 197
78 , 193
77 , 191
76 , 191
75 , 190
74 , 190
73 , 190
71 , 189
70 , 188
69 , 188
68 , 188
67 , 187
66 , 186
65 , 187
64 , 189
64 , 193
66 , 198
72 , 192
72 , 188
73 , 186
76 , 185
77 , 186
78 , 189
79 , 191
80 , 192
81 , 193
82 , 192
83 , 191
84 , 191
86 , 189
82 , 186
81 , 185
91 , 192
94 , 194
91 , 196
90 , 198
89 , 198
88 , 197
87 , 196
85 , 197
86 , 198
84 , 199
83 , 199
92 , 198
93 , 199
94 , 198
97 , 198
98 , 199
99 , 199
100 , 198
101 , 197
102 , 199
101 , 193
107 , 194
108 , 195
109 , 194
110 , 194
111 , 194
112 , 195
113 , 194
127 , 195
128 , 196
129 , 195
130 , 196
131 , 196
139 , 197
140 , 196
141 , 197
144 , 200
145 , 200
146 , 199
147 , 198
148 , 200
149 , 200
150 , 199
151 , 201
152 , 201
153 , 202
154 , 204
155 , 204
156 , 204
157 , 203
158 , 201
159 , 202
161 , 204
160 , 206
163 , 207
167 , 204
168 , 204
170 , 206
171 , 206
173 , 206
172 , 208
174 , 210
175 , 212
176 , 214
177 , 214
178 , 212
180 , 213
181 , 212
182 , 212
183 , 212
184 , 210
185 , 211
186 , 210
187 , 208
188 , 207
189 , 208
190 , 208
192 , 208
193 , 208
194 , 208
195 , 206
194 , 204
193 , 204
192 , 204
190 , 204
189 , 204
188 , 203
187 , 204
186 , 206
185 , 207
183 , 208
182 , 206
181 , 206
180 , 204
177 , 206
176 , 204
175 , 204
174 , 200
173 , 199
172 , 200
171 , 199
170 , 199
169 , 200
169 , 195
170 , 194
172 , 193
174 , 194
175 , 198
176 , 198
177 , 199
178 , 197
180 , 198
181 , 199
182 , 199
183 , 200
184 , 201
185 , 201
186 , 200
187 , 200
188 , 199
189 , 200
190 , 200
192 , 200
193 , 200
194 , 200
196 , 200
197 , 199
195 , 198
194 , 196
193 , 196
192 , 196
190 , 196
189 , 196
187 , 196
186 , 196
185 , 197
184 , 197
179 , 200
178 , 201
179 , 209
179 , 215
178 , 216
177 , 218
176 , 218
175 , 217
174 , 217
172 , 217
171 , 218
170 , 219
169 , 219
167 , 219
166 , 219
165 , 220
163 , 221
162 , 220
161 , 221
160 , 221
159 , 221
158 , 220
157 , 220
155 , 221
154 , 222
152 , 222
150 , 223
148 , 222
149 , 220
151 , 219
153 , 219
156 , 222
157 , 224
158 , 224
159 , 225
160 , 225
161 , 225
162 , 224
163 , 225
164 , 226
165 , 224
166 , 223
167 , 223
169 , 223
170 , 223
171 , 222
172 , 221
174 , 221
175 , 221
176 , 222
177 , 222
178 , 220
179 , 219
180 , 217
181 , 216
182 , 216
183 , 216
184 , 214
185 , 215
186 , 214
187 , 212
188 , 211
189 , 212
190 , 212
192 , 212
193 , 213
194 , 215
195 , 212
196 , 210
197 , 208
198 , 206
196 , 204
197 , 203
195 , 202
198 , 201
199 , 202
200 , 203
201 , 202
202 , 203
203 , 203
204 , 203
205 , 202
206 , 202
207 , 203
208 , 202
209 , 202
210 , 203
211 , 202
212 , 203
213 , 201
214 , 201
215 , 201
216 , 203
217 , 202
218 , 202
219 , 201
221 , 202
222 , 204
223 , 204
224 , 203
226 , 202
227 , 201
225 , 199
223 , 197
224 , 195
226 , 194
227 , 192
228 , 192
230 , 192
231 , 191
232 , 190
233 , 188
235 , 190
234 , 191
233 , 192
232 , 194
231 , 195
229 , 194
228 , 196
229 , 190
225 , 186
224 , 185
223 , 186
222 , 184
221 , 184
220 , 183
219 , 184
218 , 182
215 , 184
212 , 187
211 , 189
210 , 190
209 , 190
212 , 191
213 , 189
214 , 189
215 , 189
216 , 190
217 , 190
218 , 190
219 , 192
220 , 191
221 , 193
222 , 192
218 , 194
217 , 194
216 , 194
215 , 193
214 , 193
213 , 193
211 , 194
210 , 195
209 , 194
208 , 194
207 , 194
206 , 194
203 , 195
201 , 197
199 , 198
200 , 199
202 , 199
204 , 199
205 , 197
207 , 199
208 , 198
209 , 198
210 , 199
211 , 198
212 , 199
213 , 197
214 , 197
215 , 197
216 , 198
217 , 198
220 , 198
220 , 205
219 , 205
218 , 206
217 , 206
216 , 207
215 , 205
214 , 205
213 , 205
211 , 206
210 , 207
209 , 206
208 , 206
207 , 207
206 , 206
205 , 206
205 , 210
206 , 210
207 , 211
208 , 210
209 , 210
210 , 211
211 , 210
212 , 211
213 , 209
212 , 207
215 , 210
216 , 211
218 , 211
219 , 209
220 , 209
221 , 207
222 , 208
223 , 208
224 , 207
225 , 207
226 , 207
227 , 208
228 , 206
229 , 204
230 , 204
231 , 203
233 , 208
232 , 210
231 , 210
230 , 211
229 , 211
228 , 210
226 , 211
225 , 211
224 , 211
223 , 212
222 , 212
221 , 211
225 , 215
226 , 215
227 , 216
228 , 214
229 , 215
230 , 215
231 , 214
232 , 214
233 , 212
234 , 213
235 , 211
236 , 212
233 , 216
234 , 217
235 , 217
237 , 217
238 , 218
236 , 219
235 , 221
234 , 221
233 , 220
232 , 218
231 , 218
230 , 219
229 , 219
228 , 218
227 , 220
226 , 220
225 , 221
228 , 222
229 , 223
230 , 223
231 , 222
232 , 222
233 , 224
234 , 225
235 , 225
237 , 225
236 , 223
237 , 221
239 , 223
242 , 225
240 , 227
239 , 228
238 , 227
236 , 227
235 , 229
234 , 229
233 , 228
232 , 226
231 , 226
230 , 227
229 , 227
226 , 225
226 , 229
224 , 232
226 , 233
227 , 233
229 , 231
230 , 231
231 , 230
232 , 230
233 , 232
234 , 233
235 , 233
237 , 233
236 , 231
238 , 231
239 , 232
240 , 231
241 , 229
237 , 229
241 , 233
240 , 235
239 , 236
238 , 235
236 , 235
235 , 237
234 , 237
233 , 236
232 , 234
231 , 234
230 , 235
229 , 236
231 , 238
232 , 238
230 , 239
228 , 239
232 , 242
233 , 240
234 , 241
235 , 241
237 , 241
236 , 239
238 , 239
239 , 240
240 , 239
241 , 237
243 , 238
245 , 236
243 , 234
245 , 232
247 , 226
245 , 225
239 , 216
227 , 212
224 , 217
215 , 218
213 , 217
211 , 218
210 , 219
209 , 218
208 , 218
207 , 219
206 , 218
205 , 218
203 , 217
202 , 217
204 , 216
205 , 214
206 , 214
207 , 215
208 , 214
209 , 214
210 , 215
211 , 214
212 , 215
213 , 213
215 , 214
212 , 219
213 , 221
211 , 222
210 , 223
209 , 222
208 , 222
207 , 223
206 , 222
205 , 222
203 , 221
202 , 221
204 , 220
204 , 224
203 , 225
202 , 225
205 , 226
206 , 226
207 , 227
208 , 226
209 , 226
210 , 227
211 , 226
212 , 227
213 , 225
212 , 223
215 , 222
215 , 226
213 , 229
211 , 230
210 , 231
209 , 230
208 , 230
207 , 231
206 , 230
205 , 230
203 , 229
202 , 229
204 , 228
204 , 232
203 , 233
201 , 232
205 , 234
206 , 234
207 , 235
208 , 234
209 , 234
210 , 235
211 , 234
212 , 235
213 , 233
212 , 231
215 , 230
215 , 234
213 , 237
211 , 238
210 , 239
209 , 238
208 , 238
207 , 239
206 , 238
205 , 238
203 , 240
205 , 242
206 , 242
207 , 243
208 , 242
209 , 242
210 , 243
211 , 242
212 , 243
213 , 241
214 , 242
215 , 242
213 , 245
214 , 246
215 , 246
212 , 247
211 , 246
210 , 247
209 , 246
208 , 246
207 , 247
206 , 246
205 , 246
204 , 248
205 , 250
206 , 250
207 , 251
208 , 250
209 , 250
210 , 251
211 , 250
212 , 251
213 , 249
214 , 250
215 , 250
216 , 249
217 , 250
218 , 250
219 , 248
220 , 248
221 , 248
223 , 249
222 , 255
220 , 255
219 , 254
217 , 256
216 , 255
215 , 254
214 , 254
213 , 253
211 , 254
210 , 255
209 , 254
208 , 254
207 , 255
208 , 258
209 , 258
210 , 259
211 , 258
212 , 259
213 , 257
214 , 258
215 , 258
216 , 259
217 , 260
215 , 262
214 , 262
213 , 261
211 , 262
210 , 263
209 , 262
208 , 262
206 , 261
207 , 259
205 , 258
204 , 258
202 , 257
201 , 258
200 , 255
203 , 251
202 , 250
201 , 249
203 , 244
200 , 237
212 , 239
215 , 238
212 , 255
212 , 263
213 , 265
214 , 266
215 , 266
216 , 267
217 , 268
218 , 268
219 , 267
220 , 268
219 , 271
218 , 272
217 , 272
216 , 271
215 , 270
214 , 270
213 , 269
211 , 270
210 , 271
209 , 270
210 , 267
209 , 266
211 , 266
212 , 267
212 , 271
213 , 273
214 , 274
215 , 274
216 , 275
217 , 276
218 , 276
219 , 275
220 , 276
221 , 277
222 , 276
223 , 277
222 , 280
221 , 281
220 , 280
219 , 279
218 , 280
217 , 280
216 , 279
215 , 278
214 , 278
213 , 277
211 , 276
212 , 275
209 , 276
208 , 274
212 , 279
211 , 282
213 , 284
214 , 282
215 , 282
216 , 283
217 , 284
218 , 284
219 , 283
220 , 284
221 , 285
222 , 284
223 , 285
224 , 284
223 , 281
224 , 280
225 , 281
227 , 282
229 , 285
227 , 287
226 , 287
225 , 287
224 , 288
223 , 289
222 , 288
221 , 289
220 , 288
219 , 287
218 , 288
217 , 288
216 , 287
215 , 286
214 , 286
210 , 285
209 , 286
208 , 284
216 , 291
218 , 292
219 , 291
220 , 292
221 , 293
222 , 292
223 , 293
224 , 292
225 , 291
226 , 291
228 , 293
227 , 294
226 , 295
225 , 295
224 , 296
223 , 297
222 , 296
221 , 297
220 , 296
219 , 295
218 , 296
216 , 296
217 , 294
219 , 300
221 , 301
222 , 300
223 , 301
224 , 300
225 , 299
226 , 299
227 , 298
228 , 297
231 , 298
233 , 296
234 , 297
235 , 297
237 , 297
236 , 295
238 , 295
239 , 296
240 , 295
241 , 296
242 , 294
243 , 294
244 , 292
245 , 291
247 , 291
246 , 289
243 , 288
241 , 288
240 , 287
239 , 288
238 , 287
236 , 287
235 , 285
234 , 285
233 , 284
231 , 283
232 , 282
233 , 280
234 , 281
235 , 281
237 , 281
236 , 279
238 , 279
239 , 280
240 , 279
241 , 280
242 , 278
241 , 276
240 , 275
239 , 276
238 , 275
236 , 275
235 , 273
234 , 273
233 , 272
232 , 270
233 , 268
234 , 269
235 , 269
237 , 269
236 , 267
238 , 267
239 , 268
240 , 267
241 , 268
242 , 266
241 , 264
240 , 263
239 , 264
238 , 263
236 , 263
235 , 261
234 , 261
233 , 260
232 , 258
233 , 256
234 , 257
235 , 257
237 , 257
236 , 255
238 , 255
239 , 256
240 , 255
241 , 253
239 , 252
238 , 251
236 , 251
235 , 249
234 , 249
233 , 248
232 , 246
233 , 244
234 , 245
235 , 245
237 , 245
236 , 243
238 , 243
239 , 244
240 , 243
241 , 241
243 , 242
245 , 240
245 , 244
243 , 246
241 , 245
240 , 247
239 , 248
238 , 247
236 , 247
237 , 249
240 , 251
241 , 249
243 , 250
245 , 248
245 , 252
243 , 254
244 , 257
245 , 257
247 , 258
241 , 260
240 , 259
239 , 260
238 , 259
236 , 259
237 , 261
237 , 265
235 , 265
234 , 265
233 , 264
232 , 262
232 , 266
236 , 271
238 , 271
239 , 272
240 , 271
241 , 272
242 , 270
242 , 274
237 , 273
237 , 277
235 , 277
234 , 277
233 , 276
232 , 274
232 , 278
236 , 283
238 , 283
239 , 284
240 , 283
241 , 284
242 , 282
242 , 286
242 , 290
240 , 291
239 , 292
238 , 291
236 , 291
235 , 289
234 , 289
237 , 289
237 , 285
232 , 286
231 , 290
230 , 290
229 , 292
234 , 293
235 , 293
237 , 293
241 , 292
244 , 297
243 , 298
242 , 298
240 , 299
239 , 300
238 , 299
236 , 299
237 , 301
236 , 303
238 , 303
239 , 304
240 , 303
241 , 304
242 , 302
243 , 302
244 , 301
245 , 302
244 , 305
243 , 306
242 , 306
240 , 307
239 , 308
238 , 307
236 , 307
234 , 306
233 , 307
231 , 306
230 , 305
229 , 305
228 , 305
227 , 306
226 , 307
225 , 307
223 , 305
224 , 304
225 , 303
226 , 303
227 , 302
228 , 301
229 , 301
230 , 301
231 , 302
232 , 305
232 , 309
231 , 310
230 , 309
229 , 309
228 , 309
227 , 310
225 , 311
224 , 311
226 , 313
227 , 314
228 , 313
229 , 313
230 , 313
231 , 314
232 , 313
233 , 311
234 , 311
235 , 310
237 , 310
238 , 311
239 , 312
240 , 311
241 , 312
242 , 310
243 , 310
244 , 309
245 , 308
246 , 308
247 , 307
246 , 312
245 , 312
244 , 313
243 , 314
242 , 314
241 , 316
240 , 316
239 , 317
238 , 315
237 , 315
236 , 314
235 , 314
234 , 315
233 , 315
232 , 317
231 , 318
230 , 317
229 , 317
228 , 319
225 , 319
224 , 317
232 , 321
233 , 319
234 , 319
235 , 318
236 , 318
237 , 319
238 , 320
239 , 321
240 , 320
241 , 320
242 , 318
243 , 318
244 , 317
245 , 316
246 , 316
247 , 315
248 , 317
249 , 317
251 , 316
253 , 315
254 , 317
254 , 322
255 , 322
253 , 324
252 , 322
251 , 322
250 , 321
249 , 321
248 , 321
246 , 320
245 , 320
244 , 321
243 , 322
242 , 322
241 , 324
240 , 324
239 , 325
238 , 324
237 , 323
236 , 322
235 , 322
234 , 323
233 , 326
232 , 327
235 , 327
236 , 326
237 , 327
238 , 328
239 , 329
240 , 328
241 , 328
242 , 326
243 , 326
244 , 325
245 , 324
246 , 324
247 , 323
248 , 325
249 , 325
250 , 325
251 , 326
252 , 326
253 , 328
254 , 329
255 , 329
257 , 329
256 , 331
255 , 333
254 , 333
253 , 332
252 , 330
251 , 330
250 , 329
249 , 329
248 , 329
246 , 328
245 , 328
244 , 329
243 , 330
242 , 330
241 , 332
240 , 334
239 , 335
242 , 335
243 , 334
244 , 333
245 , 332
246 , 332
247 , 331
248 , 333
249 , 333
250 , 333
251 , 334
252 , 334
253 , 336
254 , 337
255 , 337
257 , 337
258 , 337
259 , 337
261 , 337
262 , 337
263 , 338
264 , 337
265 , 336
266 , 337
267 , 338
268 , 338
269 , 336
271 , 336
273 , 335
274 , 337
275 , 337
276 , 336
277 , 337
278 , 335
279 , 334
280 , 335
281 , 335
282 , 333
283 , 332
284 , 333
286 , 333
285 , 331
287 , 331
288 , 332
290 , 332
289 , 330
291 , 330
292 , 329
293 , 330
294 , 328
295 , 328
296 , 328
297 , 326
298 , 327
299 , 325
301 , 325
302 , 325
303 , 325
300 , 323
298 , 323
297 , 322
296 , 320
295 , 320
294 , 320
292 , 319
291 , 317
289 , 315
290 , 314
288 , 312
295 , 313
296 , 316
297 , 318
298 , 319
300 , 319
299 , 317
301 , 317
302 , 317
303 , 316
304 , 317
305 , 318
306 , 316
307 , 316
308 , 317
309 , 316
310 , 317
311 , 317
312 , 315
313 , 314
314 , 314
315 , 312
316 , 313
317 , 311
318 , 312
319 , 309
320 , 309
321 , 309
323 , 309
322 , 307
321 , 305
320 , 305
319 , 305
318 , 304
317 , 303
315 , 304
316 , 305
314 , 306
313 , 306
312 , 307
311 , 309
310 , 309
309 , 308
308 , 309
306 , 307
305 , 307
307 , 306
311 , 304
312 , 300
314 , 300
316 , 299
318 , 297
317 , 296
313 , 297
319 , 301
320 , 301
321 , 301
323 , 301
324 , 301
325 , 300
326 , 300
327 , 300
328 , 298
329 , 298
330 , 296
331 , 296
332 , 294
333 , 294
334 , 293
335 , 294
336 , 295
337 , 296
338 , 296
339 , 296
340 , 296
341 , 296
342 , 295
343 , 293
344 , 293
345 , 291
346 , 292
347 , 291
348 , 290
349 , 291
350 , 290
351 , 291
352 , 292
353 , 293
354 , 295
356 , 294
357 , 294
358 , 295
360 , 294
359 , 290
360 , 289
361 , 289
362 , 289
363 , 290
364 , 287
365 , 287
366 , 286
367 , 285
368 , 285
369 , 286
370 , 285
371 , 283
372 , 284
373 , 285
374 , 287
376 , 284
377 , 284
375 , 283
374 , 282
373 , 281
372 , 280
371 , 279
370 , 281
369 , 282
368 , 281
367 , 281
366 , 282
365 , 283
364 , 283
363 , 282
361 , 281
362 , 280
359 , 282
358 , 284
357 , 284
355 , 285
354 , 286
356 , 286
357 , 288
358 , 288
359 , 286
360 , 285
361 , 285
362 , 285
363 , 286
367 , 292
366 , 293
365 , 294
356 , 290
355 , 289
354 , 290
353 , 289
352 , 288
351 , 287
350 , 286
349 , 287
348 , 286
347 , 287
346 , 288
344 , 289
343 , 288
342 , 291
341 , 292
340 , 292
339 , 292
338 , 292
337 , 292
334 , 297
333 , 298
332 , 298
331 , 300
330 , 300
329 , 302
328 , 302
327 , 304
326 , 304
325 , 304
324 , 305
323 , 305
322 , 303
322 , 299
327 , 296
328 , 293
329 , 291
330 , 291
331 , 290
335 , 298
336 , 299
337 , 300
338 , 300
339 , 302
340 , 301
341 , 303
342 , 302
343 , 297
344 , 297
345 , 295
347 , 295
348 , 294
350 , 294
351 , 296
349 , 299
350 , 301
347 , 303
346 , 298
334 , 301
333 , 302
332 , 302
331 , 304
330 , 304
329 , 307
327 , 309
326 , 308
325 , 308
324 , 311
322 , 311
318 , 308
317 , 307
315 , 308
316 , 309
314 , 310
313 , 310
312 , 311
311 , 313
310 , 313
309 , 312
308 , 313
307 , 312
306 , 312
304 , 313
305 , 314
302 , 313
301 , 313
300 , 313
303 , 320
302 , 321
301 , 321
299 , 321
296 , 324
295 , 324
294 , 324
292 , 325
291 , 326
289 , 326
287 , 327
288 , 328
290 , 328
293 , 326
290 , 324
291 , 321
293 , 322
288 , 321
286 , 322
285 , 327
283 , 328
282 , 329
284 , 329
286 , 329
281 , 331
280 , 330
278 , 330
276 , 331
275 , 331
277 , 333
272 , 331
273 , 328
279 , 328
280 , 322
285 , 335
287 , 335
289 , 334
291 , 334
292 , 333
294 , 334
295 , 333
296 , 334
298 , 335
302 , 335
299 , 330
297 , 330
300 , 328
306 , 327
309 , 324
310 , 325
308 , 321
307 , 320
306 , 320
304 , 321
305 , 322
313 , 318
315 , 319
316 , 318
317 , 318
319 , 317
328 , 311
330 , 311
333 , 311
334 , 307
335 , 305
345 , 285
344 , 281
346 , 280
348 , 280
349 , 282
351 , 280
354 , 280
352 , 283
353 , 284
368 , 275
369 , 276
370 , 276
372 , 274
373 , 274
376 , 272
378 , 272
381 , 273
383 , 273
384 , 273
387 , 274
388 , 275
389 , 274
390 , 272
393 , 272
394 , 274
395 , 275
397 , 275
398 , 276
399 , 277
400 , 278
401 , 277
402 , 276
403 , 277
404 , 276
406 , 276
407 , 276
408 , 276
409 , 274
410 , 273
412 , 273
413 , 274
414 , 274
415 , 274
416 , 272
417 , 271
415 , 270
414 , 270
413 , 270
412 , 269
410 , 269
409 , 270
408 , 272
407 , 272
406 , 272
405 , 273
404 , 272
403 , 273
402 , 272
401 , 273
400 , 274
399 , 273
398 , 272
396 , 273
396 , 277
394 , 278
395 , 279
393 , 280
392 , 280
391 , 280
390 , 281
388 , 279
387 , 278
389 , 278
390 , 277
391 , 276
392 , 276
393 , 276
386 , 276
385 , 277
384 , 278
383 , 278
381 , 278
380 , 278
378 , 278
377 , 276
379 , 276
382 , 276
382 , 280
381 , 282
380 , 282
378 , 282
377 , 280
376 , 280
375 , 279
374 , 278
379 , 280
383 , 282
384 , 282
385 , 281
386 , 280
387 , 282
388 , 286
389 , 287
382 , 287
379 , 287
397 , 283
399 , 282
409 , 279
410 , 277
411 , 275
412 , 278
416 , 279
417 , 276
418 , 273
419 , 273
420 , 275
421 , 272
422 , 272
423 , 271
424 , 272
425 , 270
426 , 269
427 , 270
428 , 268
429 , 267
430 , 266
431 , 266
432 , 266
434 , 268
435 , 268
436 , 269
437 , 269
438 , 268
439 , 267
440 , 266
441 , 265
443 , 267
442 , 268
441 , 269
440 , 270
439 , 271
436 , 273
435 , 274
434 , 275
433 , 275
432 , 275
430 , 274
428 , 272
429 , 271
430 , 270
431 , 270
432 , 270
433 , 269
436 , 265
437 , 265
438 , 264
435 , 264
427 , 265
426 , 265
425 , 266
423 , 267
422 , 268
421 , 268
419 , 269
418 , 269
416 , 268
415 , 265
417 , 264
420 , 265
420 , 270
424 , 268
426 , 273
425 , 275
427 , 275
423 , 276
422 , 278
431 , 277
438 , 276
443 , 271
445 , 271
446 , 270
447 , 269
448 , 270
449 , 271
451 , 269
450 , 268
449 , 267
448 , 266
447 , 265
446 , 266
445 , 267
444 , 268
450 , 264
451 , 265
453 , 265
454 , 264
455 , 266
456 , 267
457 , 266
458 , 264
459 , 265
460 , 267
461 , 268
462 , 269
463 , 269
464 , 269
465 , 270
466 , 270
468 , 270
469 , 269
470 , 270
471 , 269
473 , 268
475 , 268
476 , 269
477 , 270
478 , 268
479 , 268
480 , 267
481 , 266
483 , 266
484 , 267
485 , 268
486 , 268
487 , 269
488 , 270
489 , 268
490 , 268
491 , 266
492 , 266
493 , 264
490 , 264
489 , 264
487 , 265
488 , 266
485 , 264
482 , 268
481 , 270
480 , 271
483 , 270
484 , 271
489 , 273
490 , 273
491 , 270
492 , 270
493 , 268
494 , 268
495 , 268
496 , 267
497 , 269
498 , 268
499 , 268
500 , 269
501 , 269
502 , 269
504 , 269
505 , 270
506 , 269
507 , 267
508 , 268
509 , 269
510 , 270
511 , 269
512 , 270
513 , 269
514 , 268
515 , 268
516 , 269
518 , 268
519 , 268
518 , 272
517 , 272
516 , 273
515 , 272
514 , 273
513 , 273
512 , 274
511 , 273
510 , 274
509 , 273
508 , 272
507 , 271
506 , 273
504 , 273
502 , 273
501 , 273
500 , 273
499 , 272
498 , 272
496 , 271
495 , 272
494 , 272
493 , 272
492 , 276
491 , 276
488 , 278
496 , 278
497 , 277
498 , 278
499 , 279
502 , 279
503 , 277
505 , 275
507 , 276
508 , 276
509 , 278
511 , 278
513 , 277
515 , 276
516 , 277
517 , 276
518 , 276
519 , 277
520 , 276
521 , 275
522 , 274
523 , 276
524 , 277
525 , 278
526 , 277
528 , 277
529 , 276
530 , 275
531 , 277
532 , 278
533 , 278
534 , 279
535 , 277
536 , 277
537 , 278
538 , 277
539 , 279
540 , 279
541 , 279
542 , 278
544 , 278
545 , 277
546 , 278
545 , 281
544 , 282
542 , 282
541 , 283
540 , 283
539 , 283
537 , 282
536 , 281
535 , 281
533 , 282
532 , 282
531 , 281
529 , 280
528 , 281
526 , 281
527 , 279
530 , 279
527 , 275
525 , 274
524 , 273
526 , 273
528 , 273
529 , 272
531 , 272
532 , 274
533 , 273
534 , 273
539 , 272
540 , 273
541 , 273
543 , 275
543 , 280
543 , 284
542 , 286
541 , 287
540 , 287
538 , 285
536 , 285
535 , 286
537 , 287
534 , 283
538 , 281
544 , 286
545 , 285
546 , 283
547 , 283
548 , 282
549 , 284
550 , 285
551 , 284
552 , 282
550 , 280
555 , 280
558 , 280
556 , 283
555 , 285
554 , 286
553 , 287
552 , 288
551 , 288
550 , 289
549 , 288
547 , 287
546 , 287
548 , 286
548 , 290
545 , 290
544 , 293
546 , 293
547 , 293
550 , 293
551 , 292
552 , 292
553 , 291
554 , 290
555 , 289
556 , 288
557 , 287
558 , 288
559 , 290
560 , 291
561 , 290
562 , 292
563 , 292
564 , 292
565 , 293
567 , 295
566 , 297
565 , 297
564 , 296
563 , 296
562 , 296
560 , 295
559 , 294
561 , 294
558 , 292
557 , 291
556 , 292
555 , 293
554 , 294
553 , 296
552 , 297
556 , 296
557 , 295
558 , 296
559 , 298
560 , 299
561 , 298
562 , 300
563 , 300
564 , 300
565 , 301
566 , 301
568 , 301
569 , 301
570 , 300
571 , 299
572 , 301
573 , 300
574 , 301
575 , 303
573 , 304
572 , 305
570 , 304
569 , 305
568 , 305
566 , 305
565 , 305
564 , 304
563 , 304
561 , 304
559 , 305
557 , 306
556 , 305
554 , 306
553 , 305
552 , 304
551 , 307
550 , 308
548 , 308
547 , 307
545 , 307
544 , 308
542 , 308
541 , 308
540 , 308
539 , 308
538 , 309
537 , 310
536 , 308
535 , 308
534 , 308
532 , 308
530 , 309
529 , 310
528 , 309
527 , 309
526 , 310
525 , 310
524 , 310
523 , 309
522 , 309
521 , 308
520 , 310
519 , 310
518 , 311
517 , 312
515 , 312
514 , 310
516 , 310
517 , 308
518 , 304
514 , 305
513 , 306
512 , 304
512 , 313
513 , 314
514 , 314
516 , 314
515 , 316
517 , 316
518 , 315
519 , 314
520 , 314
521 , 312
522 , 313
523 , 313
524 , 314
525 , 314
526 , 314
527 , 313
528 , 313
530 , 313
531 , 314
532 , 312
533 , 311
534 , 312
535 , 312
536 , 312
538 , 313
539 , 312
540 , 312
541 , 312
542 , 312
544 , 312
545 , 311
547 , 311
548 , 312
550 , 312
551 , 311
549 , 310
546 , 309
543 , 310
543 , 306
539 , 304
533 , 305
531 , 305
529 , 304
526 , 304
524 , 305
531 , 310
533 , 315
534 , 318
535 , 319
536 , 318
537 , 316
541 , 319
543 , 314
546 , 313
552 , 313
553 , 313
555 , 311
554 , 310
553 , 309
552 , 309
555 , 307
556 , 309
557 , 310
558 , 308
559 , 309
561 , 309
563 , 309
564 , 309
565 , 309
566 , 309
568 , 309
569 , 309
570 , 308
571 , 307
572 , 309
573 , 308
574 , 307
575 , 309
576 , 309
577 , 309
578 , 309
581 , 309
582 , 309
583 , 306
580 , 304
579 , 304
571 , 303
567 , 303
567 , 299
568 , 297
569 , 297
567 , 307
567 , 311
566 , 313
565 , 313
564 , 313
563 , 313
561 , 313
559 , 313
558 , 312
556 , 313
560 , 311
562 , 311
560 , 307
562 , 306
558 , 303
557 , 300
555 , 300
549 , 306
568 , 313
569 , 313
570 , 312
571 , 311
572 , 313
573 , 312
574 , 311
575 , 313
576 , 313
577 , 313
578 , 313
579 , 313
580 , 312
583 , 312
584 , 314
585 , 315
586 , 314
587 , 313
588 , 312
589 , 316
590 , 316
591 , 315
592 , 317
593 , 318
594 , 319
596 , 320
597 , 317
598 , 317
599 , 319
597 , 323
596 , 324
595 , 324
594 , 324
592 , 325
593 , 326
591 , 327
590 , 328
589 , 328
588 , 329
587 , 329
586 , 330
585 , 328
584 , 327
582 , 327
581 , 327
579 , 325
578 , 326
577 , 325
574 , 325
573 , 325
572 , 324
570 , 323
569 , 325
568 , 321
571 , 318
570 , 317
572 , 317
573 , 316
574 , 315
575 , 317
576 , 317
577 , 317
578 , 317
579 , 317
580 , 316
581 , 315
582 , 315
583 , 316
584 , 318
585 , 319
586 , 318
587 , 317
588 , 317
589 , 320
590 , 320
591 , 319
592 , 321
593 , 322
591 , 323
590 , 324
589 , 324
588 , 325
587 , 325
586 , 326
585 , 324
584 , 323
582 , 323
581 , 323
580 , 324
579 , 321
578 , 321
577 , 321
576 , 321
575 , 321
574 , 319
580 , 320
581 , 319
582 , 319
583 , 321
586 , 322
587 , 321
588 , 321
583 , 325
583 , 329
580 , 331
579 , 329
576 , 328
576 , 335
584 , 333
588 , 335
589 , 332
590 , 332
591 , 331
592 , 329
593 , 330
594 , 328
595 , 328
596 , 328
597 , 327
598 , 325
599 , 326
598 , 329
597 , 331
595 , 332
594 , 332
592 , 334
593 , 335
598 , 335
599 , 333
595 , 316
596 , 312
559 , 285
530 , 286
528 , 287
527 , 286
525 , 284
523 , 284
522 , 285
521 , 283
520 , 283
522 , 278
519 , 273
520 , 272
517 , 264
509 , 264
505 , 265
503 , 266
500 , 264
503 , 271
479 , 264
478 , 264
476 , 265
475 , 264
473 , 264
471 , 265
470 , 266
469 , 265
468 , 266
466 , 266
465 , 266
464 , 265
463 , 265
462 , 265
461 , 264
458 , 268
459 , 269
457 , 270
455 , 271
453 , 269
454 , 268
452 , 267
467 , 268
467 , 264
472 , 266
474 , 266
477 , 266
474 , 270
485 , 313
486 , 313
487 , 315
489 , 315
490 , 314
491 , 316
492 , 318
493 , 319
494 , 319
495 , 318
496 , 316
497 , 316
498 , 316
499 , 316
500 , 315
501 , 316
502 , 316
503 , 316
504 , 316
505 , 314
506 , 313
507 , 313
508 , 315
509 , 315
511 , 315
510 , 313
510 , 317
512 , 317
511 , 319
509 , 319
507 , 317
506 , 317
505 , 318
503 , 320
502 , 320
501 , 321
499 , 320
498 , 320
497 , 320
496 , 320
495 , 322
493 , 323
492 , 322
490 , 323
489 , 323
488 , 323
486 , 323
485 , 322
483 , 322
481 , 322
480 , 321
479 , 322
478 , 322
477 , 324
476 , 324
475 , 323
474 , 324
472 , 325
471 , 324
469 , 324
468 , 326
467 , 327
466 , 326
465 , 325
464 , 323
463 , 323
461 , 323
459 , 324
458 , 323
457 , 326
456 , 329
458 , 329
459 , 329
460 , 327
461 , 328
462 , 327
463 , 328
464 , 328
465 , 329
466 , 330
467 , 331
468 , 330
470 , 330
469 , 328
471 , 328
472 , 329
474 , 328
475 , 327
473 , 326
470 , 326
467 , 322
472 , 320
473 , 322
478 , 326
479 , 326
480 , 325
481 , 326
483 , 326
482 , 324
484 , 324
485 , 327
487 , 325
487 , 321
486 , 319
485 , 318
484 , 320
482 , 320
481 , 316
483 , 316
482 , 314
488 , 319
489 , 319
490 , 319
491 , 320
491 , 324
494 , 326
496 , 326
497 , 326
498 , 324
500 , 327
501 , 326
503 , 326
500 , 319
494 , 315
493 , 315
495 , 313
504 , 312
514 , 319
520 , 319
522 , 317
521 , 316
529 , 316
479 , 333
475 , 332
473 , 333
471 , 333
469 , 333
465 , 333
464 , 332
463 , 332
462 , 331
461 , 332
460 , 331
459 , 333
458 , 333
456 , 333
454 , 334
453 , 333
452 , 333
450 , 333
449 , 332
448 , 332
446 , 332
445 , 333
444 , 333
443 , 333
441 , 334
440 , 334
439 , 335
438 , 334
437 , 335
436 , 335
435 , 334
434 , 333
432 , 332
433 , 335
432 , 337
431 , 338
430 , 338
428 , 337
427 , 338
426 , 337
425 , 337
424 , 337
423 , 339
422 , 341
421 , 342
419 , 341
420 , 340
418 , 339
417 , 339
416 , 341
415 , 341
414 , 340
413 , 340
412 , 342
411 , 342
410 , 342
409 , 343
407 , 344
408 , 345
406 , 346
404 , 346
403 , 347
401 , 348
400 , 347
399 , 347
397 , 346
396 , 345
395 , 346
394 , 345
393 , 345
392 , 345
390 , 345
389 , 347
388 , 348
387 , 347
386 , 346
385 , 345
383 , 345
381 , 344
378 , 344
376 , 346
375 , 346
371 , 346
372 , 349
373 , 350
374 , 351
375 , 352
376 , 351
377 , 350
378 , 349
379 , 349
380 , 347
382 , 348
383 , 349
384 , 350
385 , 350
386 , 350
387 , 351
388 , 352
389 , 351
390 , 349
391 , 348
392 , 349
393 , 349
394 , 349
395 , 350
396 , 349
397 , 350
398 , 349
399 , 351
402 , 349
404 , 350
405 , 348
407 , 348
408 , 349
409 , 347
410 , 346
411 , 346
412 , 346
413 , 344
414 , 344
415 , 345
416 , 345
417 , 343
418 , 343
419 , 345
420 , 344
421 , 346
422 , 346
423 , 348
425 , 346
426 , 346
424 , 345
423 , 343
424 , 341
425 , 341
426 , 341
427 , 342
428 , 341
429 , 340
430 , 342
431 , 343
429 , 344
433 , 344
434 , 343
435 , 343
432 , 341
433 , 339
434 , 338
435 , 338
436 , 339
437 , 339
438 , 338
439 , 339
440 , 338
441 , 338
442 , 339
443 , 337
444 , 337
445 , 337
446 , 336
448 , 336
449 , 336
451 , 335
452 , 338
453 , 338
454 , 339
455 , 341
451 , 343
448 , 342
447 , 339
450 , 339
447 , 334
447 , 330
444 , 329
442 , 328
441 , 330
439 , 330
437 , 331
436 , 330
435 , 329
429 , 336
421 , 337
419 , 336
415 , 336
408 , 340
407 , 340
406 , 342
405 , 344
403 , 342
401 , 344
402 , 345
400 , 342
398 , 345
402 , 339
404 , 339
405 , 338
413 , 349
412 , 350
411 , 351
417 , 348
418 , 350
421 , 351
427 , 351
428 , 349
432 , 351
433 , 350
436 , 347
437 , 347
438 , 347
439 , 346
441 , 342
443 , 343
444 , 342
442 , 335
451 , 331
450 , 329
452 , 328
453 , 329
454 , 330
455 , 331
457 , 331
455 , 335
456 , 320
460 , 320
477 , 328
476 , 330
396 , 358
394 , 355
393 , 353
392 , 353
391 , 352
390 , 353
387 , 355
385 , 355
384 , 355
383 , 353
382 , 352
380 , 351
381 , 350
379 , 353
378 , 353
377 , 354
376 , 355
373 , 354
372 , 353
371 , 352
370 , 351
369 , 350
368 , 350
367 , 349
366 , 349
365 , 351
364 , 351
363 , 351
361 , 350
360 , 350
359 , 352
358 , 353
357 , 352
356 , 351
355 , 352
354 , 351
352 , 350
351 , 351
350 , 352
349 , 354
348 , 354
347 , 354
346 , 352
345 , 352
344 , 351
342 , 352
341 , 352
340 , 351
339 , 352
338 , 351
337 , 351
336 , 349
335 , 349
334 , 349
332 , 347
331 , 347
329 , 347
327 , 351
326 , 351
325 , 351
324 , 352
323 , 352
322 , 352
321 , 352
319 , 352
318 , 353
317 , 352
316 , 351
315 , 352
314 , 353
313 , 352
311 , 353
310 , 353
308 , 353
306 , 352
305 , 353
304 , 352
302 , 353
301 , 354
300 , 355
299 , 355
298 , 353
297 , 352
296 , 353
295 , 352
294 , 350
293 , 350
292 , 350
291 , 349
290 , 347
289 , 347
288 , 345
284 , 346
285 , 349
286 , 350
287 , 349
288 , 351
289 , 351
290 , 352
291 , 353
292 , 354
293 , 354
294 , 354
295 , 356
297 , 358
298 , 357
296 , 360
294 , 361
292 , 362
291 , 364
289 , 363
288 , 364
287 , 365
286 , 366
285 , 367
284 , 368
282 , 367
281 , 367
279 , 366
280 , 365
281 , 363
282 , 363
283 , 362
284 , 360
282 , 359
281 , 359
279 , 358
278 , 358
277 , 359
275 , 358
276 , 357
274 , 356
273 , 356
272 , 356
270 , 355
271 , 354
269 , 353
268 , 352
267 , 353
266 , 352
264 , 351
265 , 350
263 , 349
262 , 350
261 , 351
260 , 352
259 , 354
257 , 355
258 , 357
261 , 358
263 , 357
264 , 355
265 , 354
263 , 353
262 , 354
266 , 356
267 , 357
268 , 356
269 , 357
270 , 359
271 , 358
272 , 360
273 , 360
274 , 360
275 , 362
276 , 361
277 , 363
278 , 362
279 , 362
280 , 361
280 , 357
283 , 358
285 , 357
287 , 358
289 , 357
288 , 355
286 , 354
285 , 353
284 , 352
283 , 351
282 , 350
281 , 351
280 , 352
279 , 352
278 , 352
276 , 352
274 , 351
273 , 352
272 , 352
270 , 351
271 , 350
269 , 349
267 , 349
266 , 348
264 , 347
262 , 346
261 , 347
260 , 347
259 , 345
258 , 345
257 , 345
255 , 345
254 , 345
253 , 344
252 , 342
251 , 342
250 , 341
249 , 341
248 , 341
246 , 340
247 , 339
248 , 337
249 , 337
250 , 337
251 , 338
252 , 338
253 , 340
254 , 341
255 , 341
257 , 341
258 , 341
259 , 341
260 , 339
262 , 341
261 , 342
260 , 343
263 , 345
265 , 345
264 , 342
265 , 340
266 , 341
267 , 342
269 , 340
270 , 339
271 , 340
272 , 339
273 , 339
274 , 341
275 , 341
276 , 340
277 , 341
278 , 339
279 , 338
280 , 339
281 , 339
282 , 337
283 , 336
284 , 337
285 , 339
286 , 340
287 , 340
283 , 342
282 , 341
280 , 346
279 , 346
278 , 346
276 , 346
273 , 346
272 , 346
270 , 344
268 , 346
275 , 350
277 , 350
275 , 354
277 , 355
282 , 354
287 , 353
290 , 359
293 , 359
293 , 366
292 , 367
291 , 368
289 , 367
288 , 368
287 , 369
286 , 370
285 , 373
283 , 372
281 , 374
280 , 374
279 , 376
275 , 376
274 , 375
273 , 374
272 , 374
271 , 374
270 , 375
268 , 376
267 , 377
266 , 376
265 , 374
263 , 374
260 , 375
258 , 372
257 , 372
260 , 371
262 , 369
263 , 369
264 , 367
265 , 366
263 , 365
264 , 363
265 , 362
263 , 361
264 , 359
265 , 358
266 , 360
267 , 361
268 , 360
269 , 361
270 , 363
271 , 362
268 , 364
267 , 365
266 , 364
269 , 365
270 , 367
271 , 366
272 , 366
273 , 366
274 , 368
273 , 370
272 , 370
271 , 370
270 , 371
268 , 372
267 , 373
266 , 372
264 , 371
265 , 370
266 , 368
267 , 369
268 , 368
269 , 369
269 , 373
269 , 377
270 , 379
271 , 378
272 , 378
273 , 378
274 , 379
275 , 380
277 , 380
278 , 382
279 , 383
277 , 385
278 , 386
276 , 387
275 , 388
274 , 387
273 , 386
272 , 386
271 , 386
270 , 387
268 , 388
269 , 390
270 , 391
271 , 390
272 , 390
273 , 390
274 , 391
275 , 392
276 , 391
277 , 389
278 , 390
279 , 391
280 , 392
281 , 393
279 , 395
278 , 394
277 , 393
276 , 395
275 , 396
274 , 395
273 , 394
272 , 394
271 , 394
270 , 395
269 , 396
268 , 397
267 , 395
264 , 394
266 , 392
265 , 398
272 , 398
273 , 398
274 , 399
275 , 400
276 , 399
277 , 397
278 , 398
279 , 399
280 , 400
281 , 399
282 , 398
283 , 396
285 , 395
287 , 395
286 , 392
285 , 390
283 , 391
284 , 387
287 , 388
282 , 384
276 , 383
275 , 384
274 , 383
273 , 382
272 , 382
271 , 382
270 , 383
268 , 384
267 , 384
265 , 385
269 , 385
269 , 381
268 , 380
266 , 380
264 , 379
265 , 378
275 , 372
276 , 373
277 , 371
278 , 371
283 , 366
284 , 364
285 , 363
286 , 362
290 , 366
290 , 370
289 , 371
291 , 372
292 , 371
293 , 370
294 , 371
295 , 371
296 , 372
297 , 373
298 , 373
299 , 374
301 , 374
300 , 372
302 , 372
303 , 372
304 , 373
305 , 373
306 , 375
307 , 376
308 , 377
309 , 377
310 , 380
308 , 381
307 , 380
306 , 379
305 , 377
304 , 377
303 , 376
302 , 376
300 , 376
298 , 377
297 , 377
296 , 376
295 , 375
294 , 375
293 , 374
292 , 375
290 , 375
288 , 374
289 , 377
292 , 381
293 , 381
294 , 382
295 , 382
299 , 383
300 , 380
302 , 380
303 , 380
301 , 378
299 , 378
305 , 382
309 , 382
311 , 382
311 , 374
309 , 373
307 , 372
308 , 371
310 , 370
303 , 367
302 , 365
301 , 370
299 , 370
298 , 369
297 , 369
296 , 368
295 , 367
294 , 367
303 , 358
304 , 356
306 , 356
307 , 355
309 , 355
312 , 354
313 , 356
314 , 357
315 , 356
316 , 355
317 , 356
318 , 357
319 , 356
321 , 356
322 , 356
323 , 356
324 , 356
325 , 355
326 , 355
327 , 355
328 , 356
329 , 357
330 , 356
331 , 357
332 , 357
333 , 356
334 , 354
335 , 354
336 , 354
337 , 355
338 , 355
339 , 356
340 , 355
341 , 356
342 , 356
343 , 357
344 , 355
345 , 356
346 , 356
347 , 358
349 , 358
350 , 356
351 , 355
352 , 354
353 , 353
354 , 355
356 , 355
355 , 358
357 , 358
359 , 358
360 , 354
361 , 354
362 , 353
363 , 355
364 , 355
365 , 355
366 , 353
367 , 353
368 , 354
369 , 354
370 , 358
374 , 358
380 , 355
381 , 354
386 , 357
390 , 359
391 , 359
362 , 349
359 , 345
355 , 344
352 , 345
351 , 344
348 , 345
346 , 345
345 , 345
344 , 344
343 , 347
347 , 349
348 , 349
349 , 349
353 , 349
343 , 353
333 , 352
332 , 353
331 , 353
330 , 352
329 , 353
328 , 352
320 , 354
320 , 349
318 , 347
314 , 347
312 , 349
310 , 349
309 , 351
307 , 351
305 , 348
303 , 350
301 , 350
300 , 351
299 , 351
295 , 348
304 , 344
307 , 345
308 , 346
311 , 346
303 , 354
305 , 359
280 , 396
284 , 400
282 , 402
281 , 403
280 , 404
279 , 403
278 , 402
277 , 401
276 , 403
275 , 404
274 , 403
273 , 402
272 , 402
273 , 407
274 , 407
275 , 408
276 , 407
277 , 405
278 , 406
279 , 407
280 , 408
281 , 407
282 , 406
284 , 408
283 , 409
282 , 410
281 , 411
280 , 412
279 , 411
278 , 410
277 , 409
276 , 411
275 , 412
274 , 411
272 , 408
277 , 413
278 , 414
279 , 415
280 , 416
281 , 415
282 , 414
283 , 413
284 , 412
284 , 416
283 , 417
282 , 418
281 , 419
280 , 420
279 , 419
278 , 418
277 , 417
276 , 417
274 , 416
273 , 417
272 , 419
275 , 419
277 , 421
279 , 423
278 , 424
280 , 424
281 , 423
282 , 422
283 , 421
284 , 420
285 , 419
286 , 419
287 , 418
288 , 418
289 , 417
290 , 417
291 , 417
295 , 421
292 , 424
289 , 425
287 , 426
286 , 427
285 , 427
284 , 428
283 , 429
282 , 430
281 , 431
283 , 433
282 , 434
281 , 435
280 , 435
282 , 438
281 , 439
283 , 437
284 , 436
285 , 435
286 , 435
287 , 434
288 , 435
290 , 435
289 , 433
291 , 433
292 , 432
293 , 433
294 , 431
295 , 432
292 , 428
290 , 427
288 , 427
289 , 429
287 , 430
286 , 431
285 , 431
284 , 432
288 , 431
289 , 437
291 , 437
290 , 439
288 , 439
287 , 438
286 , 439
285 , 439
284 , 440
283 , 441
285 , 443
286 , 443
287 , 442
288 , 443
290 , 443
289 , 441
291 , 441
292 , 441
293 , 440
294 , 441
295 , 442
293 , 444
292 , 445
291 , 445
289 , 445
287 , 446
286 , 447
285 , 447
284 , 449
283 , 451
282 , 451
280 , 452
281 , 455
286 , 455
287 , 454
288 , 455
290 , 455
289 , 453
291 , 453
292 , 453
293 , 452
294 , 453
295 , 452
296 , 452
297 , 452
297 , 456
296 , 456
295 , 456
294 , 457
293 , 456
292 , 457
291 , 457
289 , 457
288 , 459
290 , 459
289 , 461
291 , 461
292 , 461
293 , 460
294 , 461
295 , 460
296 , 460
297 , 460
298 , 461
299 , 462
300 , 464
298 , 465
297 , 464
296 , 464
295 , 464
294 , 465
293 , 464
292 , 465
291 , 465
290 , 463
288 , 463
290 , 467
291 , 469
292 , 469
293 , 468
294 , 469
295 , 468
296 , 468
297 , 468
298 , 469
299 , 467
300 , 468
301 , 469
302 , 469
303 , 472
301 , 474
302 , 475
300 , 476
299 , 475
297 , 476
296 , 476
295 , 476
294 , 477
293 , 476
292 , 477
289 , 476
291 , 474
292 , 473
293 , 472
294 , 473
295 , 472
296 , 472
297 , 472
298 , 473
299 , 471
300 , 472
298 , 477
299 , 479
300 , 480
298 , 481
297 , 480
296 , 480
295 , 480
294 , 481
295 , 484
296 , 484
297 , 484
298 , 485
299 , 483
300 , 484
301 , 482
302 , 483
303 , 484
304 , 485
305 , 486
306 , 485
307 , 487
308 , 486
310 , 483
305 , 482
304 , 481
303 , 479
302 , 479
301 , 478
301 , 486
302 , 487
303 , 488
304 , 489
305 , 490
306 , 491
307 , 492
309 , 492
310 , 490
311 , 490
308 , 495
307 , 496
306 , 495
305 , 494
304 , 493
303 , 492
302 , 491
301 , 490
299 , 491
300 , 492
298 , 493
297 , 492
294 , 491
293 , 490
292 , 489
291 , 488
288 , 487
288 , 483
288 , 479
288 , 472
289 , 470
290 , 471
294 , 485
295 , 488
296 , 488
297 , 488
298 , 489
299 , 487
300 , 488
301 , 494
302 , 495
303 , 496
304 , 497
305 , 498
306 , 499
307 , 500
308 , 501
309 , 501
311 , 502
309 , 505
308 , 505
307 , 504
306 , 503
305 , 502
304 , 501
303 , 500
302 , 499
301 , 498
299 , 499
300 , 500
301 , 502
302 , 503
303 , 504
304 , 505
305 , 506
306 , 507
307 , 508
308 , 509
309 , 509
310 , 510
311 , 509
310 , 506
305 , 510
304 , 509
303 , 508
302 , 507
301 , 506
300 , 504
299 , 503
297 , 505
296 , 504
299 , 508
298 , 510
300 , 510
301 , 510
302 , 511
303 , 512
304 , 513
305 , 514
306 , 515
307 , 516
308 , 517
309 , 517
310 , 518
311 , 517
312 , 517
313 , 518
314 , 519
315 , 518
314 , 515
313 , 514
312 , 513
311 , 513
310 , 514
309 , 513
308 , 513
307 , 512
306 , 511
303 , 516
302 , 517
301 , 516
299 , 516
298 , 518
296 , 517
296 , 512
304 , 517
305 , 518
306 , 519
307 , 520
308 , 521
309 , 521
310 , 522
311 , 521
312 , 521
313 , 522
314 , 523
315 , 523
316 , 521
318 , 522
319 , 521
317 , 525
316 , 525
315 , 527
314 , 527
313 , 526
312 , 525
311 , 525
310 , 526
309 , 525
308 , 525
307 , 524
306 , 523
305 , 522
304 , 521
303 , 520
300 , 522
299 , 522
296 , 523
302 , 525
306 , 527
307 , 528
308 , 529
309 , 529
310 , 530
311 , 529
312 , 529
313 , 530
314 , 531
315 , 531
316 , 529
318 , 531
317 , 533
316 , 533
315 , 535
314 , 535
313 , 534
312 , 533
311 , 533
310 , 534
309 , 533
308 , 533
307 , 533
306 , 533
305 , 532
304 , 530
308 , 537
309 , 537
310 , 538
311 , 537
312 , 537
313 , 538
314 , 539
315 , 539
316 , 537
317 , 537
318 , 535
320 , 537
318 , 539
319 , 540
317 , 541
316 , 541
315 , 543
314 , 543
313 , 542
312 , 541
311 , 541
310 , 542
308 , 541
307 , 541
305 , 542
304 , 539
306 , 547
308 , 549
309 , 549
310 , 549
312 , 549
313 , 550
314 , 551
315 , 551
316 , 549
317 , 549
318 , 547
319 , 548
320 , 547
321 , 548
322 , 548
323 , 551
322 , 552
321 , 552
320 , 551
319 , 552
318 , 551
317 , 553
316 , 553
315 , 555
314 , 555
313 , 555
312 , 553
316 , 557
317 , 557
318 , 555
319 , 556
320 , 555
321 , 556
322 , 556
323 , 558
324 , 559
325 , 560
323 , 562
324 , 563
325 , 564
326 , 565
327 , 566
325 , 568
324 , 567
323 , 566
322 , 564
321 , 564
320 , 563
319 , 564
318 , 563
317 , 561
316 , 561
314 , 562
313 , 563
312 , 563
315 , 564
317 , 565
318 , 567
319 , 568
320 , 567
321 , 568
322 , 568
323 , 570
324 , 571
325 , 572
326 , 573
327 , 574
328 , 572
329 , 573
330 , 571
327 , 570
326 , 569
322 , 572
321 , 572
320 , 571
319 , 572
318 , 571
316 , 571
317 , 569
314 , 568
313 , 572
315 , 574
312 , 575
313 , 578
315 , 578
314 , 580
317 , 580
319 , 580
320 , 579
321 , 580
322 , 580
323 , 578
324 , 579
325 , 580
326 , 581
327 , 582
328 , 580
329 , 581
331 , 582
330 , 584
329 , 585
328 , 584
326 , 585
325 , 584
324 , 583
323 , 582
322 , 584
321 , 584
323 , 586
324 , 587
325 , 588
326 , 589
327 , 590
328 , 588
329 , 589
330 , 588
332 , 588
331 , 586
333 , 584
334 , 585
335 , 581
332 , 579
330 , 578
329 , 577
328 , 576
326 , 577
325 , 576
324 , 575
323 , 574
322 , 576
321 , 576
320 , 575
319 , 576
318 , 578
312 , 583
320 , 588
321 , 588
322 , 588
324 , 591
323 , 592
325 , 592
326 , 593
327 , 594
328 , 592
329 , 593
330 , 592
332 , 592
333 , 591
334 , 592
335 , 590
337 , 593
336 , 595
334 , 596
333 , 595
332 , 596
330 , 596
329 , 597
328 , 596
326 , 597
325 , 596
324 , 595
321 , 595
323 , 598
322 , 600
320 , 600
321 , 605
322 , 607
324 , 605
325 , 605
326 , 605
327 , 607
328 , 608
329 , 609
330 , 608
332 , 608
333 , 607
334 , 608
336 , 608
337 , 609
338 , 610
339 , 610
341 , 609
340 , 607
338 , 606
336 , 604
334 , 604
333 , 603
332 , 604
330 , 604
329 , 605
328 , 604
327 , 602
326 , 601
328 , 600
329 , 601
330 , 600
332 , 600
333 , 599
334 , 600
336 , 600
337 , 601
335 , 602
331 , 602
331 , 598
327 , 598
331 , 594
331 , 590
327 , 586
327 , 578
331 , 574
332 , 574
333 , 576
334 , 575
335 , 575
335 , 569
334 , 568
327 , 558
326 , 557
324 , 554
325 , 553
327 , 552
326 , 545
325 , 544
324 , 542
322 , 540
321 , 541
320 , 543
319 , 544
318 , 543
317 , 545
316 , 545
315 , 547
314 , 547
313 , 546
312 , 545
311 , 545
304 , 550
315 , 559
318 , 559
319 , 560
320 , 559
321 , 560
322 , 560
327 , 542
326 , 537
323 , 538
319 , 528
317 , 515
319 , 514
316 , 512
311 , 496
309 , 496
300 , 496
299 , 495
295 , 495
291 , 494
303 , 462
302 , 461
301 , 460
298 , 457
301 , 452
301 , 448
296 , 448
295 , 448
294 , 449
293 , 448
292 , 449
291 , 449
289 , 449
287 , 450
286 , 451
285 , 451
288 , 451
290 , 451
290 , 447
288 , 447
284 , 444
283 , 445
281 , 445
280 , 444
277 , 429
276 , 428
278 , 428
279 , 427
280 , 428
281 , 427
282 , 426
283 , 425
284 , 424
285 , 423
286 , 423
287 , 422
288 , 423
294 , 427
274 , 425
272 , 428
273 , 430
285 , 407
286 , 406
287 , 404
283 , 403
256 , 368
258 , 366
258 , 362
256 , 352
254 , 351
253 , 351
251 , 350
249 , 349
248 , 347
250 , 345
252 , 347
256 , 347
257 , 349
258 , 349
259 , 349
255 , 350
256 , 343
256 , 339
256 , 335
257 , 333
258 , 333
259 , 333
260 , 331
261 , 331
262 , 332
263 , 330
260 , 335
247 , 335
246 , 336
245 , 336
244 , 341
245 , 343
241 , 340
237 , 331
234 , 330
247 , 327
247 , 319
249 , 312
241 , 308
237 , 305
234 , 301
241 , 300
245 , 298
222 , 308
220 , 307
218 , 305
216 , 304
217 , 302
220 , 303
221 , 273
220 , 272
222 , 272
223 , 265
220 , 263
218 , 264
217 , 264
216 , 263
220 , 259
232 , 254
233 , 252
234 , 253
235 , 253
237 , 253
232 , 250
237 , 237
242 , 262
203 , 262
201 , 262
173 , 230
171 , 229
170 , 231
169 , 231
167 , 230
166 , 229
168 , 226
172 , 227
175 , 225
173 , 223
173 , 219
173 , 215
171 , 214
170 , 215
168 , 217
168 , 221
164 , 222
164 , 218
159 , 217
155 , 225
154 , 226
152 , 226
151 , 226
150 , 227
149 , 226
148 , 226
147 , 226
146 , 227
145 , 227
144 , 228
142 , 229
143 , 230
141 , 231
139 , 231
138 , 229
137 , 229
135 , 229
133 , 229
131 , 228
130 , 228
128 , 229
127 , 229
126 , 230
124 , 231
123 , 232
122 , 231
121 , 232
119 , 233
118 , 232
117 , 233
116 , 232
114 , 232
113 , 235
112 , 236
111 , 235
110 , 235
109 , 237
108 , 237
107 , 237
106 , 239
105 , 239
104 , 240
107 , 241
108 , 241
109 , 241
110 , 239
111 , 239
112 , 240
113 , 239
114 , 240
115 , 239
116 , 240
117 , 242
118 , 242
119 , 243
120 , 244
122 , 244
123 , 245
124 , 244
126 , 244
125 , 242
123 , 241
122 , 240
120 , 240
121 , 242
124 , 240
126 , 240
127 , 241
128 , 241
129 , 239
130 , 240
131 , 240
132 , 239
134 , 239
133 , 237
135 , 237
137 , 237
136 , 235
134 , 235
132 , 235
131 , 236
130 , 236
129 , 235
128 , 233
127 , 233
126 , 234
125 , 233
124 , 235
123 , 236
122 , 235
121 , 236
119 , 237
118 , 236
117 , 237
116 , 236
115 , 235
114 , 236
120 , 234
120 , 230
121 , 228
123 , 225
124 , 225
122 , 224
125 , 227
129 , 225
131 , 223
132 , 224
133 , 225
135 , 225
137 , 225
138 , 225
140 , 225
142 , 225
143 , 226
141 , 227
139 , 227
140 , 229
140 , 233
138 , 234
137 , 233
135 , 233
133 , 233
131 , 232
130 , 232
129 , 231
132 , 231
134 , 231
136 , 231
136 , 227
134 , 227
134 , 223
136 , 223
135 , 221
133 , 221
136 , 219
135 , 217
137 , 217
138 , 217
140 , 217
142 , 217
143 , 216
144 , 216
145 , 216
146 , 215
147 , 214
148 , 212
146 , 211
145 , 212
144 , 212
143 , 212
142 , 213
140 , 213
138 , 213
137 , 213
135 , 213
134 , 215
133 , 216
130 , 217
128 , 219
129 , 221
137 , 221
138 , 221
140 , 221
142 , 221
143 , 220
141 , 219
139 , 219
139 , 215
141 , 215
141 , 211
139 , 211
138 , 209
140 , 209
142 , 209
143 , 208
144 , 208
145 , 208
146 , 207
147 , 206
148 , 204
149 , 204
150 , 203
147 , 202
146 , 203
145 , 204
144 , 204
143 , 204
142 , 205
140 , 205
139 , 207
141 , 207
137 , 205
136 , 208
131 , 211
128 , 213
136 , 215
139 , 223
141 , 223
144 , 223
145 , 221
146 , 219
147 , 218
150 , 214
147 , 210
148 , 208
149 , 208
150 , 207
151 , 208
152 , 206
162 , 202
161 , 195
166 , 192
168 , 192
167 , 186
167 , 182
171 , 178
173 , 178
175 , 178
174 , 180
179 , 178
183 , 178
185 , 177
186 , 176
191 , 178
191 , 182
191 , 186
191 , 190
190 , 192
189 , 192
188 , 192
191 , 194
192 , 192
193 , 192
194 , 192
196 , 192
197 , 191
195 , 190
195 , 194
196 , 196
197 , 195
198 , 196
200 , 194
202 , 192
204 , 190
212 , 195
201 , 208
200 , 210
202 , 212
203 , 213
204 , 212
199 , 213
198 , 215
191 , 218
190 , 216
189 , 216
188 , 215
187 , 218
186 , 219
184 , 218
183 , 221
185 , 221
181 , 222
180 , 221
169 , 211
168 , 212
156 , 226
157 , 228
158 , 228
159 , 231
161 , 230
162 , 230
154 , 231
152 , 230
151 , 230
150 , 231
149 , 230
148 , 230
147 , 230
153 , 228
153 , 224
143 , 236
142 , 237
141 , 239
139 , 238
133 , 241
134 , 244
135 , 244
132 , 245
131 , 245
130 , 246
128 , 246
127 , 246
125 , 246
121 , 247
116 , 244
115 , 243
114 , 244
113 , 243
112 , 244
111 , 243
110 , 243
109 , 245
108 , 246
107 , 246
105 , 246
104 , 246
106 , 243
106 , 234
104 , 233
105 , 232
125 , 238
127 , 237
128 , 237
129 , 243
141 , 202
147 , 193
150 , 195
147 , 189
146 , 186
145 , 186
142 , 188
141 , 188
153 , 185
154 , 185
155 , 185
179 , 191
191 , 198
191 , 202
191 , 206
191 , 210
197 , 176
210 , 172
213 , 170
214 , 170
216 , 170
215 , 168
212 , 168
219 , 170
221 , 172
222 , 170
224 , 171
218 , 174
224 , 181
225 , 181
226 , 180
227 , 181
228 , 183
229 , 182
226 , 184
223 , 182
233 , 183
235 , 183
237 , 189
238 , 189
236 , 191
237 , 193
238 , 194
239 , 193
240 , 192
241 , 190
242 , 191
243 , 189
244 , 188
245 , 187
246 , 187
247 , 185
248 , 186
249 , 187
250 , 188
251 , 189
252 , 190
253 , 189
254 , 189
255 , 190
256 , 190
257 , 189
258 , 187
259 , 188
260 , 187
262 , 187
261 , 189
260 , 191
259 , 192
258 , 191
257 , 193
255 , 195
254 , 195
252 , 194
251 , 193
250 , 192
249 , 191
248 , 190
247 , 189
246 , 191
245 , 191
244 , 192
243 , 193
241 , 194
242 , 195
240 , 196
239 , 197
238 , 199
237 , 199
241 , 199
243 , 198
244 , 196
245 , 195
246 , 195
247 , 193
248 , 194
249 , 195
250 , 196
251 , 197
252 , 198
253 , 197
254 , 199
255 , 199
256 , 197
257 , 198
258 , 198
259 , 197
260 , 197
261 , 196
262 , 195
263 , 196
264 , 194
267 , 194
268 , 194
269 , 193
271 , 192
272 , 193
273 , 191
274 , 190
275 , 190
276 , 189
277 , 189
278 , 187
279 , 186
280 , 184
282 , 186
281 , 187
280 , 188
279 , 190
278 , 191
276 , 193
275 , 195
274 , 196
273 , 197
272 , 198
271 , 197
270 , 196
269 , 197
268 , 199
267 , 199
266 , 198
265 , 197
264 , 198
262 , 199
261 , 200
260 , 201
259 , 201
256 , 201
258 , 205
263 , 200
270 , 200
274 , 200
275 , 199
276 , 198
278 , 198
279 , 197
280 , 198
281 , 199
282 , 199
283 , 199
284 , 199
285 , 197
286 , 196
287 , 195
288 , 196
289 , 196
290 , 195
291 , 196
292 , 194
293 , 193
294 , 193
295 , 191
296 , 191
297 , 190
298 , 189
299 , 191
300 , 191
301 , 191
303 , 191
304 , 192
302 , 193
301 , 195
300 , 195
299 , 195
297 , 194
296 , 195
295 , 195
293 , 197
292 , 198
294 , 199
297 , 199
298 , 199
303 , 198
305 , 198
308 , 199
310 , 199
309 , 194
307 , 194
308 , 192
306 , 191
305 , 190
307 , 190
309 , 188
308 , 187
307 , 186
306 , 187
305 , 186
303 , 187
304 , 188
302 , 189
301 , 187
300 , 187
299 , 186
297 , 186
296 , 186
295 , 186
294 , 187
293 , 187
291 , 186
290 , 185
289 , 185
287 , 186
286 , 185
284 , 185
283 , 184
285 , 183
287 , 182
288 , 183
290 , 181
289 , 180
291 , 182
292 , 184
293 , 183
294 , 183
295 , 182
296 , 182
297 , 182
299 , 182
300 , 182
301 , 183
303 , 183
304 , 184
302 , 185
302 , 181
304 , 180
303 , 178
305 , 178
306 , 179
307 , 178
308 , 179
309 , 180
310 , 180
311 , 180
312 , 181
313 , 181
314 , 181
315 , 183
311 , 184
310 , 184
309 , 184
308 , 183
307 , 182
306 , 183
305 , 182
301 , 176
299 , 177
296 , 177
293 , 177
292 , 177
288 , 176
285 , 178
284 , 177
282 , 180
281 , 181
277 , 184
276 , 185
275 , 186
274 , 186
273 , 187
272 , 188
271 , 188
270 , 188
269 , 188
268 , 189
267 , 189
266 , 187
265 , 187
264 , 189
263 , 190
262 , 191
265 , 191
266 , 191
268 , 184
267 , 175
269 , 173
270 , 172
271 , 175
266 , 171
265 , 168
264 , 167
263 , 167
262 , 166
260 , 166
259 , 167
258 , 166
257 , 166
256 , 165
254 , 164
255 , 162
258 , 161
259 , 163
260 , 162
262 , 162
263 , 163
264 , 163
265 , 164
266 , 164
267 , 162
268 , 163
269 , 163
270 , 162
272 , 162
273 , 162
274 , 162
275 , 163
277 , 161
278 , 161
279 , 158
278 , 157
277 , 157
276 , 158
275 , 159
274 , 158
273 , 158
272 , 158
270 , 158
269 , 159
268 , 159
267 , 158
266 , 160
265 , 160
264 , 159
261 , 160
261 , 164
261 , 168
260 , 170
258 , 170
257 , 170
256 , 169
254 , 172
255 , 173
256 , 174
259 , 173
261 , 173
262 , 172
264 , 174
263 , 175
268 , 168
267 , 166
271 , 164
273 , 166
272 , 167
271 , 160
271 , 156
272 , 154
273 , 154
274 , 154
275 , 155
276 , 154
277 , 153
278 , 153
279 , 154
280 , 152
281 , 153
282 , 153
283 , 154
284 , 154
285 , 155
286 , 154
287 , 152
285 , 151
284 , 150
283 , 150
282 , 149
281 , 149
280 , 148
278 , 149
279 , 150
276 , 149
274 , 148
272 , 147
275 , 146
277 , 146
279 , 145
281 , 145
282 , 145
283 , 146
284 , 146
285 , 147
286 , 146
287 , 144
288 , 144
289 , 145
290 , 144
291 , 145
292 , 146
293 , 146
295 , 148
294 , 151
291 , 149
290 , 148
289 , 149
288 , 148
287 , 148
286 , 150
285 , 143
284 , 142
283 , 142
286 , 142
287 , 140
288 , 140
289 , 141
290 , 140
291 , 141
292 , 142
293 , 142
295 , 142
294 , 140
293 , 138
292 , 138
291 , 137
290 , 136
289 , 137
288 , 136
286 , 138
285 , 139
281 , 136
280 , 140
288 , 132
289 , 133
290 , 132
291 , 133
292 , 134
293 , 134
295 , 134
296 , 135
297 , 135
298 , 134
299 , 133
300 , 135
302 , 133
301 , 130
303 , 129
300 , 127
298 , 126
297 , 127
296 , 127
295 , 126
293 , 126
292 , 126
291 , 125
290 , 124
289 , 125
288 , 124
289 , 121
288 , 120
290 , 120
291 , 121
292 , 122
293 , 122
295 , 122
296 , 123
297 , 123
298 , 122
300 , 123
300 , 119
298 , 118
297 , 119
296 , 119
295 , 118
293 , 118
292 , 118
291 , 117
290 , 116
289 , 117
288 , 116
289 , 113
288 , 112
287 , 111
285 , 109
286 , 108
287 , 107
288 , 108
289 , 109
290 , 108
291 , 109
292 , 110
293 , 110
295 , 110
296 , 111
294 , 112
293 , 114
292 , 114
291 , 113
290 , 112
295 , 114
296 , 115
297 , 115
298 , 114
299 , 117
301 , 113
299 , 110
301 , 109
299 , 106
301 , 105
296 , 107
295 , 106
293 , 106
292 , 106
291 , 105
290 , 104
289 , 105
288 , 104
287 , 103
286 , 104
285 , 104
284 , 103
283 , 101
282 , 100
281 , 98
283 , 97
284 , 95
285 , 96
286 , 96
287 , 95
288 , 96
289 , 97
290 , 96
291 , 97
292 , 98
293 , 98
294 , 99
295 , 101
293 , 102
292 , 102
291 , 101
290 , 100
289 , 101
288 , 100
287 , 99
286 , 100
285 , 100
284 , 99
283 , 93
282 , 93
281 , 93
280 , 93
281 , 89
282 , 89
283 , 89
284 , 87
285 , 88
286 , 88
287 , 87
288 , 88
289 , 89
291 , 89
290 , 86
289 , 85
288 , 84
287 , 83
286 , 84
285 , 84
284 , 83
283 , 81
282 , 81
281 , 81
280 , 82
279 , 81
278 , 79
277 , 79
275 , 81
276 , 82
277 , 83
278 , 85
279 , 85
280 , 86
281 , 85
282 , 85
283 , 85
285 , 80
286 , 80
287 , 79
289 , 80
291 , 81
293 , 80
293 , 85
295 , 86
294 , 90
292 , 92
291 , 93
290 , 92
289 , 93
288 , 92
287 , 91
286 , 92
285 , 92
284 , 91
293 , 94
295 , 94
294 , 104
294 , 108
294 , 116
294 , 120
294 , 124
294 , 128
293 , 130
292 , 130
291 , 129
290 , 128
289 , 129
288 , 128
294 , 132
295 , 130
296 , 131
297 , 131
298 , 130
294 , 136
295 , 138
296 , 139
297 , 139
301 , 139
303 , 137
314 , 152
317 , 152
319 , 153
321 , 153
322 , 155
323 , 156
324 , 156
325 , 157
326 , 158
327 , 157
329 , 157
330 , 156
332 , 156
333 , 157
331 , 158
330 , 160
332 , 160
333 , 161
331 , 162
329 , 163
330 , 164
332 , 164
333 , 165
331 , 166
329 , 167
330 , 168
332 , 168
333 , 169
331 , 170
329 , 171
330 , 172
328 , 173
326 , 174
325 , 173
324 , 172
323 , 173
321 , 174
320 , 175
319 , 174
318 , 175
316 , 175
315 , 174
314 , 173
313 , 173
312 , 173
311 , 172
310 , 172
307 , 172
308 , 175
309 , 176
310 , 176
311 , 176
312 , 177
313 , 177
314 , 177
315 , 178
316 , 179
318 , 179
319 , 178
320 , 179
322 , 181
321 , 183
324 , 183
325 , 182
326 , 182
323 , 177
324 , 176
322 , 175
322 , 171
321 , 170
320 , 171
318 , 171
316 , 171
315 , 170
314 , 169
313 , 169
312 , 169
311 , 168
310 , 168
309 , 168
307 , 168
306 , 167
305 , 169
304 , 170
310 , 164
311 , 164
312 , 165
313 , 165
314 , 165
315 , 166
316 , 167
318 , 167
319 , 168
317 , 169
317 , 165
316 , 163
315 , 162
314 , 161
313 , 161
312 , 161
312 , 157
314 , 157
315 , 158
316 , 159
318 , 159
319 , 158
320 , 157
321 , 157
322 , 159
323 , 160
324 , 160
325 , 162
327 , 163
328 , 165
326 , 166
327 , 167
328 , 169
326 , 170
325 , 169
324 , 168
323 , 168
322 , 165
320 , 165
318 , 163
319 , 162
320 , 161
321 , 161
317 , 161
317 , 157
316 , 155
318 , 155
324 , 152
325 , 153
326 , 154
327 , 153
329 , 153
330 , 152
332 , 152
333 , 153
331 , 154
328 , 155
328 , 159
334 , 159
335 , 159
336 , 159
337 , 157
338 , 156
336 , 155
335 , 155
334 , 155
337 , 153
339 , 153
340 , 154
342 , 155
343 , 158
341 , 159
340 , 158
339 , 158
338 , 160
337 , 161
336 , 163
335 , 163
334 , 163
337 , 165
338 , 164
340 , 163
342 , 163
341 , 166
339 , 167
336 , 167
335 , 167
334 , 167
334 , 172
335 , 174
332 , 174
327 , 175
327 , 171
317 , 173
317 , 177
311 , 190
310 , 191
298 , 193
292 , 190
290 , 189
288 , 187
286 , 189
284 , 189
283 , 188
282 , 190
285 , 187
287 , 191
288 , 192
289 , 192
291 , 192
285 , 193
284 , 195
283 , 195
282 , 195
281 , 195
280 , 194
277 , 196
277 , 200
280 , 202
281 , 206
282 , 206
283 , 206
284 , 207
285 , 207
287 , 207
286 , 200
287 , 199
298 , 184
298 , 180
286 , 180
280 , 176
279 , 165
283 , 159
282 , 157
281 , 157
280 , 156
275 , 151
270 , 152
269 , 154
268 , 155
265 , 154
251 , 164
249 , 165
250 , 171
249 , 173
248 , 174
246 , 175
245 , 175
244 , 176
243 , 177
242 , 178
241 , 177
240 , 176
239 , 176
251 , 174
252 , 176
253 , 180
252 , 182
251 , 184
249 , 183
254 , 183
255 , 184
257 , 185
253 , 193
248 , 198
247 , 197
236 , 195
235 , 194
234 , 195
243 , 161
244 , 160
243 , 153
244 , 152
243 , 145
244 , 144
238 , 148
225 , 136
224 , 136
223 , 136
222 , 138
222 , 125
223 , 124
224 , 124
225 , 124
219 , 107
217 , 107
223 , 106
214 , 100
212 , 100
213 , 98
215 , 98
202 , 96
194 , 101
192 , 102
195 , 103
201 , 109
190 , 86
189 , 86
188 , 83
187 , 82
186 , 82
184 , 83
191 , 82
207 , 55
202 , 48
201 , 47
200 , 48
199 , 47
198 , 49
197 , 50
196 , 51
193 , 46
192 , 45
191 , 46
190 , 45
189 , 44
188 , 44
187 , 43
184 , 42
182 , 41
180 , 42
181 , 38
183 , 38
185 , 40
186 , 37
185 , 35
184 , 35
183 , 34
182 , 34
181 , 33
180 , 31
182 , 30
183 , 30
184 , 31
185 , 31
187 , 31
186 , 29
188 , 29
189 , 30
190 , 28
191 , 28
192 , 28
193 , 29
194 , 29
195 , 31
196 , 30
198 , 30
199 , 30
200 , 29
197 , 28
197 , 32
194 , 33
193 , 33
192 , 32
191 , 32
190 , 32
188 , 33
189 , 34
187 , 35
186 , 33
181 , 28
180 , 27
179 , 27
178 , 28
177 , 28
173 , 28
171 , 27
172 , 26
170 , 32
169 , 34
166 , 34
163 , 36
162 , 38
161 , 38
160 , 39
159 , 41
158 , 41
157 , 40
155 , 39
156 , 38
154 , 41
153 , 42
152 , 41
151 , 41
150 , 42
149 , 41
148 , 42
147 , 42
146 , 43
145 , 42
143 , 42
142 , 41
141 , 40
140 , 38
138 , 40
137 , 40
136 , 39
135 , 41
134 , 42
133 , 43
132 , 42
128 , 43
126 , 43
125 , 44
124 , 45
123 , 45
128 , 38
129 , 33
130 , 32
131 , 32
133 , 31
133 , 25
132 , 24
134 , 24
135 , 24
136 , 24
137 , 22
138 , 21
139 , 20
140 , 19
141 , 19
142 , 20
144 , 18
145 , 18
146 , 17
147 , 17
148 , 19
143 , 17
142 , 16
138 , 13
136 , 14
135 , 15
133 , 13
134 , 11
137 , 10
139 , 9
132 , 20
131 , 20
130 , 20
128 , 21
129 , 18
112 , 31
111 , 31
110 , 32
108 , 33
107 , 30
106 , 30
105 , 29
104 , 28
102 , 28
101 , 30
98 , 29
98 , 33
98 , 37
101 , 42
104 , 41
104 , 45
92 , 44
103 , 26
108 , 29
109 , 30
136 , 43
137 , 44
138 , 44
139 , 42
140 , 42
141 , 44
142 , 46
140 , 47
139 , 47
135 , 45
143 , 49
145 , 47
144 , 44
144 , 40
149 , 46
149 , 52
148 , 53
147 , 54
146 , 55
150 , 53
151 , 53
152 , 53
154 , 53
155 , 53
156 , 54
157 , 53
159 , 53
160 , 52
161 , 53
162 , 52
163 , 52
164 , 53
165 , 53
167 , 55
169 , 48
168 , 47
167 , 46
166 , 45
164 , 43
162 , 42
161 , 42
163 , 40
164 , 38
165 , 39
166 , 38
167 , 40
169 , 38
170 , 46
171 , 47
172 , 48
173 , 47
174 , 48
158 , 47
158 , 51
158 , 55
153 , 55
153 , 51
155 , 43
156 , 42
159 , 32
158 , 21
161 , 21
162 , 21
164 , 19
164 , 10
166 , 8
169 , 10
174 , 15
173 , 16
175 , 14
176 , 14
177 , 16
178 , 16
179 , 15
180 , 15
181 , 16
182 , 17
183 , 19
184 , 20
185 , 20
186 , 18
187 , 21
189 , 20
190 , 18
191 , 16
192 , 15
192 , 11
188 , 11
187 , 11
185 , 10
184 , 11
183 , 10
186 , 13
189 , 8
197 , 11
200 , 12
201 , 11
202 , 11
203 , 11
204 , 12
206 , 11
205 , 9
208 , 10
209 , 11
210 , 13
211 , 12
212 , 13
213 , 13
215 , 13
216 , 12
217 , 12
219 , 12
218 , 14
221 , 14
223 , 14
223 , 18
221 , 18
218 , 18
218 , 22
217 , 24
216 , 24
215 , 25
219 , 24
220 , 25
221 , 27
222 , 26
223 , 23
221 , 22
225 , 27
227 , 29
226 , 30
228 , 25
231 , 15
229 , 14
231 , 10
227 , 9
224 , 10
222 , 9
221 , 8
223 , 8
220 , 10
218 , 9
214 , 11
212 , 8
214 , 15
214 , 19
205 , 30
204 , 31
203 , 31
206 , 31
207 , 32
208 , 34
209 , 33
212 , 35
211 , 37
210 , 37
213 , 38
214 , 40
215 , 40
216 , 39
218 , 39
219 , 40
221 , 38
208 , 40
206 , 39
204 , 38
205 , 36
202 , 36
200 , 36
199 , 38
198 , 38
197 , 38
196 , 36
195 , 36
192 , 39
191 , 39
190 , 41
193 , 42
195 , 44
194 , 45
196 , 43
203 , 46
201 , 34
197 , 15
176 , 19
175 , 20
157 , 8
156 , 8
139 , 54
138 , 55
137 , 55
136 , 54
135 , 56
134 , 56
133 , 59
132 , 59
131 , 63
136 , 62
138 , 62
139 , 60
142 , 58
141 , 56
140 , 56
143 , 60
137 , 80
117 , 61
101 , 96
98 , 99
104 , 102
107 , 102
109 , 101
110 , 101
80 , 93
81 , 89
73 , 100
72 , 100
71 , 101
54 , 102
47 , 102
32 , 101
29 , 95
28 , 94
27 , 93
26 , 93
25 , 94
24 , 92
25 , 90
26 , 89
27 , 89
28 , 90
29 , 91
63 , 72
65 , 127
81 , 152
61 , 176
62 , 178
57 , 177
56 , 176
50 , 180
50 , 184
48 , 186
49 , 187
51 , 187
52 , 187
53 , 188
55 , 188
54 , 190
56 , 190
57 , 191
58 , 192
59 , 190
59 , 186
55 , 192
50 , 193
50 , 189
46 , 185
44 , 184
40 , 185
40 , 179
41 , 178
39 , 177
42 , 176
43 , 177
47 , 173
46 , 170
45 , 170
44 , 170
33 , 177
18 , 180
16 , 179
17 , 183
11 , 175
10 , 175
8 , 170
9 , 166
10 , 164
11 , 162
12 , 163
13 , 161
14 , 160
15 , 158
16 , 158
17 , 158
18 , 157
19 , 157
20 , 156
21 , 157
22 , 155
24 , 154
23 , 152
26 , 157
27 , 159
25 , 160
24 , 160
23 , 161
22 , 160
21 , 161
20 , 160
19 , 161
18 , 161
17 , 162
16 , 162
15 , 162
14 , 164
8 , 162
9 , 157
9 , 153
12 , 154
13 , 152
16 , 152
17 , 153
28 , 156
30 , 157
31 , 152
40 , 197
41 , 197
42 , 197
43 , 197
44 , 198
45 , 198
251 , 112
280 , 105
282 , 106
283 , 108
284 , 111
273 , 85
274 , 84
272 , 81
273 , 75
272 , 73
274 , 73
275 , 73
276 , 71
277 , 71
278 , 71
279 , 69
280 , 70
281 , 69
282 , 69
283 , 69
285 , 69
286 , 69
284 , 67
282 , 65
281 , 65
280 , 66
279 , 65
278 , 63
277 , 63
276 , 63
275 , 61
274 , 61
273 , 62
272 , 63
274 , 65
275 , 65
273 , 66
272 , 68
274 , 69
275 , 69
276 , 67
277 , 67
278 , 67
280 , 62
279 , 61
281 , 61
282 , 61
283 , 62
285 , 60
287 , 62
284 , 56
280 , 58
279 , 57
278 , 55
277 , 55
276 , 55
275 , 57
274 , 57
273 , 58
272 , 59
271 , 59
270 , 58
276 , 59
277 , 59
278 , 59
284 , 71
283 , 73
282 , 73
281 , 73
280 , 74
279 , 73
278 , 75
277 , 75
276 , 76
279 , 77
280 , 78
281 , 77
282 , 77
283 , 77
284 , 75
285 , 76
286 , 76
287 , 75
284 , 79
255 , 58
253 , 57
252 , 58
251 , 56
246 , 53
245 , 53
244 , 52
243 , 52
242 , 53
241 , 51
240 , 50
239 , 51
238 , 49
237 , 47
236 , 47
234 , 48
233 , 49
232 , 49
233 , 44
234 , 43
235 , 44
236 , 43
237 , 43
239 , 43
240 , 42
241 , 43
242 , 41
243 , 44
244 , 44
245 , 45
246 , 45
247 , 47
248 , 46
250 , 48
249 , 49
248 , 50
247 , 51
246 , 49
245 , 49
244 , 48
243 , 48
242 , 49
241 , 47
240 , 46
239 , 47
238 , 45
238 , 41
238 , 37
236 , 32
244 , 33
246 , 38
249 , 43
251 , 46
253 , 44
254 , 42
258 , 43
258 , 35
260 , 35
259 , 33
261 , 33
262 , 33
263 , 33
264 , 32
265 , 32
267 , 32
266 , 30
268 , 30
269 , 31
270 , 30
271 , 31
267 , 28
265 , 28
264 , 28
263 , 29
262 , 29
261 , 29
260 , 31
257 , 32
259 , 19
260 , 18
261 , 17
262 , 17
263 , 17
264 , 16
265 , 16
285 , 13
286 , 8
276 , 34
275 , 38
274 , 38
273 , 38
282 , 39
242 , 45
237 , 53
236 , 55
233 , 55
241 , 65
287 , 159
304 , 160
306 , 161
308 , 160
402 , 266
401 , 267
400 , 268
403 , 269
405 , 267
406 , 267
407 , 268
408 , 266
411 , 264
411 , 271
404 , 266
363 , 344
340 , 594
339 , 594
338 , 597
335 , 598
339 , 600
341 , 601
343 , 601
342 , 598
342 , 605
335 , 606
331 , 606
331 , 610
330 , 612
328 , 612
329 , 614
331 , 614
330 , 616
332 , 616
333 , 615
334 , 616
336 , 616
337 , 617
338 , 618
339 , 616
340 , 615
338 , 614
337 , 613
336 , 612
334 , 612
333 , 611
332 , 612
335 , 610
335 , 614
335 , 618
333 , 619
332 , 620
330 , 620
331 , 618
334 , 620
336 , 620
337 , 621
338 , 622
339 , 620
340 , 619
340 , 623
339 , 624
341 , 624
340 , 627
339 , 628
341 , 628
342 , 627
343 , 627
344 , 627
346 , 628
345 , 630
343 , 631
342 , 631
341 , 632
340 , 631
339 , 632
337 , 633
336 , 632
335 , 630
334 , 628
333 , 627
331 , 626
330 , 628
328 , 626
329 , 624
332 , 624
333 , 623
334 , 624
336 , 624
337 , 625
338 , 626
336 , 628
337 , 629
338 , 630
338 , 634
339 , 636
340 , 635
341 , 636
342 , 635
343 , 635
344 , 633
345 , 634
347 , 632
349 , 633
350 , 635
351 , 637
348 , 638
347 , 636
345 , 638
344 , 637
343 , 639
342 , 639
341 , 640
340 , 639
339 , 640
337 , 641
336 , 641
338 , 642
339 , 644
340 , 643
341 , 644
342 , 643
343 , 643
344 , 641
345 , 642
346 , 640
347 , 640
349 , 641
347 , 644
346 , 644
344 , 646
349 , 647
337 , 647
333 , 639
334 , 638
335 , 638
336 , 636
337 , 637
338 , 638
335 , 634
333 , 632
332 , 630
329 , 631
331 , 634
328 , 635
330 , 637
335 , 626
335 , 622
342 , 614
343 , 612
348 , 624